# Thu Mar 21 10:29:52 2019

# input dimensionality
2

# covariance function
CovSum(CovSEiso, CovNoise)

# log-hyperparameter
1.231151744 13.2710245 -4.022764868 

# data (target value in first column)
-43651.92921 5.378788643 8.042912216
-42185.88127 5.120016583 5.679500609
-25013.16699 4.912156634 8.318570599
-943.9173903 3.093497096 6.504541322
-10719.57384 3.956211759 5.302295249
-227686.3975 7.14602624 3.353153482
-443131.8775 8.399125837 3.981275704
-8918.428335 3.954429015 6.198388284
-139852.6214 6.624865138 6.496194127
-25612.87797 4.619826707 5.342869173
-23139.96171 4.760403421 7.454264436
-38046.87959 4.791153638 3.453228471
-45557.05324 5.429895802 8.144267656
-460784.9726 8.65180994 6.976983959
-387573.3228 8.07885468 3.016530489
-73717.02296 5.77427547 6.195576147
-303832.1859 7.727259725 4.59367341
-552218.9922 8.896513579 4.840710784
-136749.8759 6.605130819 6.65229392
-9925.136533 4.274632789 8.315370784
-37642.39178 4.82794261 3.911159184
-39758.73205 5.025971417 5.324861706
-156541.981 6.861658973 7.521319654
-141837.2933 6.621696593 6.189769511
-68763.43335 5.756161898 6.914930682
-25468.74793 4.963086983 8.678222916
-34103.78078 5.208239205 8.663342036
-1008.946113 3.04456957 6.099599698
-33694.66205 4.636625717 3.145794934
-149763.8005 6.551727015 4.229781059
-422204.3471 8.266160099 3.35621216
-25685.57705 4.565055312 4.816975105
-406028.5769 8.348971318 5.989188355
-230356.1057 7.260153485 4.718483963
-360235.8575 8.189541464 7.053244027
-59146.90436 5.750939839 8.757813374
-283423.667 7.648052437 5.259307685
-19571.44865 4.371834699 5.127203264
-25741.77964 4.801909489 7.01859499
-221842.5746 7.313799435 6.395727052
-334222.7755 7.946791879 5.343671459
-297565.1692 7.912597867 8.06405076
-6423.807014 4.082806621 8.660375317
-60886.34461 5.549320592 6.123994668
-928.2216741 3.393862529 8.481049015
-375175.8963 8.295507436 7.56818476
-48246.45734 5.393535276 7.129541052
-269031.5968 7.569289821 5.430052795
-6675.926456 3.751506826 5.907803428
-11144.64161 4.334775319 8.238726996
-123203.8791 6.172931385 3.008483772
-403577.8352 8.16308288 3.112184385
-333953.0625 7.889351652 4.457304129
-22793.73125 4.887431064 8.794395107
-440069.842 8.613360631 7.85659017
-96828.1948 5.952654917 4.320813047
-136731.3282 6.458122429 4.734174348
-38830.3081 4.926401859 4.567940034
-17811.3439 4.043927145 3.010903798
-3895.642993 3.268704843 4.447047305
-52736.72863 5.492707125 7.209747895
-16228.45939 4.331074146 6.023462062
-3870.203887 3.402181268 5.358380664
-91400.73266 5.876859164 4.308853265
-10292.66777 4.31706771 8.49721916
-47835.1799 5.101330506 4.156163621
-13026.51332 4.267409875 6.802089768
-1115.064033 3.321392359 7.700468477
-2006.038075 3.184043503 5.664579598
-6215.889937 4.058477329 8.593081307
-431689.2224 8.457889641 5.837069008
-366831.9733 8.230172766 7.173404151
-461171.5554 8.581137727 5.730543333
-42898.83225 5.39140069 8.359824006
-187107.4621 7.161280483 8.032406296
-234482.6154 7.438194817 6.907617296
-189317.803 7.068925441 6.4632739
-16667.91501 4.638709685 8.612328324
-205418.6125 6.971633311 3.28447508
-42990.78991 5.238230337 6.709168667
-9773.802167 3.891767914 5.263833493
-193714.4649 6.867548405 3.154126948
-375974.981 8.048283079 3.462112837
-260683.4669 7.4558035 4.535916844
-428819.7359 8.41106538 5.265885512
-39656.33273 4.917179549 4.268609912
-184768.5744 6.891194999 4.507890498
-21349.79621 4.371865901 4.505533085
-506485.217 8.65932697 3.820290509
-22679.99322 4.620364605 6.292243123
-26434.57472 4.944128684 8.190480126
-24884.04706 4.780220087 7.080356013
-310568.6621 7.998883522 8.257845078
-194899.9685 6.897987348 3.438692869
-434231.818 8.391281816 4.521487538
-132598.8071 6.667911765 8.051339551
-343894.9975 7.992115807 5.235522549
-283395.024 7.542289339 3.655289438
-352090.6346 8.104871859 6.355975957
-375701.2398 8.145482772 5.05858189
