# Wed Apr  3 10:42:34 2019

# input dimensionality
5

# covariance function
CovSum(CovSEiso, CovNoise)

# log-hyperparameter
0.1295303991 -3.698674232 -7.704806838 

# data (target value in first column)
0.025968 0 0.553073 0.666667 0.666667 0.375
0.024299 0 0.553073 0.666667 0 0.375
0.030613 0 0.553073 0.666667 1 0.375
0.024297 0 0.553073 0.666667 0.333333 0.375
0.028419 0 0.553073 1 0.666667 0.375
0.02224 0 0.553073 1 0 0.375
0.03428 0 0.553073 1 1 0.375
0.024263 0 0.553073 1 0.333333 0.375
0.032876 0 0.553073 0 0.666667 0.375
0.032994 0 0.553073 0 0 0.375
0.033591 0 0.553073 0 1 0.375
0.032396 0 0.553073 0 0.333333 0.375
0.027635 0 0.553073 0.333333 0.666667 0.375
0.027753 0 0.553073 0.333333 0 0.375
0.029184 0 0.553073 0.333333 1 0.375
0.027156 0 0.553073 0.333333 0.333333 0.375
0.026444 0 0.776536 0.666667 0.666667 0.375
0.024418 0 0.776536 0.666667 0 0.375
0.031209 0 0.776536 0.666667 1 0.375
0.024535 0 0.776536 0.666667 0.333333 0.375
0.028838 0 0.776536 1 0.666667 0.375
0.022339 0 0.776536 1 0 0.375
0.035039 0 0.776536 1 1 0.375
0.024474 0 0.776536 1 0.333333 0.375
0.032996 0 0.776536 0 0.666667 0.375
0.033232 0 0.776536 0 0 0.375
0.033591 0 0.776536 0 1 0.375
0.032396 0 0.776536 0 0.333333 0.375
0.027874 0 0.776536 0.333333 0.666667 0.375
0.027872 0 0.776536 0.333333 0 0.375
0.029303 0 0.776536 0.333333 1 0.375
0.027275 0 0.776536 0.333333 0.333333 0.375
0.026325 0 1 0.666667 0.666667 0.375
0.024537 0 1 0.666667 0 0.375
0.031447 0 1 0.666667 1 0.375
0.024654 0 1 0.666667 0.333333 0.375
0.029045 0 1 1 0.666667 0.375
0.022576 0 1 1 0 0.375
0.035029 0 1 1 1 0.375
0.024769 0 1 1 0.333333 0.375
0.033115 0 1 0 0.666667 0.375
0.033232 0 1 0 0 0.375
0.03371 0 1 0 1 0.375
0.032515 0 1 0 0.333333 0.375
0.027754 0 1 0.333333 0.666667 0.375
0.027991 0 1 0.333333 0 0.375
0.029422 0 1 0.333333 1 0.375
0.027275 0 1 0.333333 0.333333 0.375
0.025015 0 0.106145 0.666667 0.666667 0.375
0.023227 0 0.106145 0.666667 0 0.375
0.028826 0 0.106145 0.666667 1 0.375
0.023463 0 0.106145 0.666667 0.333333 0.375
0.026352 0 0.106145 1 0.666667 0.375
0.020877 0 0.106145 1 0 0.375
0.031473 0 0.106145 1 1 0.375
0.022725 0 0.106145 1 0.333333 0.375
0.032638 0 0.106145 0 0.666667 0.375
0.032041 0 0.106145 0 0 0.375
0.033353 0 0.106145 0 1 0.375
0.031801 0 0.106145 0 0.333333 0.375
0.027159 0 0.106145 0.333333 0.666667 0.375
0.0268 0 0.106145 0.333333 0 0.375
0.028588 0 0.106145 0.333333 1 0.375
0.02656 0 0.106145 0.333333 0.333333 0.375
0.025729 0 0.329609 0.666667 0.666667 0.375
0.024061 0 0.329609 0.666667 0 0.375
0.030018 0 0.329609 0.666667 1 0.375
0.024178 0 0.329609 0.666667 0.333333 0.375
0.027684 0 0.329609 1 0.666667 0.375
0.02194 0 0.329609 1 0 0.375
0.033491 0 0.329609 1 1 0.375
0.023893 0 0.329609 1 0.333333 0.375
0.032757 0 0.329609 0 0.666667 0.375
0.032994 0 0.329609 0 0 0.375
0.033591 0 0.329609 0 1 0.375
0.032039 0 0.329609 0 0.333333 0.375
0.027635 0 0.329609 0.333333 0.666667 0.375
0.027634 0 0.329609 0.333333 0 0.375
0.028946 0 0.329609 0.333333 1 0.375
0.027036 0 0.329609 0.333333 0.333333 0.375
0.027754 0.5 0.553073 0.666667 0.666667 0.375
0.025728 0.5 0.553073 0.666667 0 0.375
0.031209 0.5 0.553073 0.666667 1 0.375
0.026203 0.5 0.553073 0.666667 0.333333 0.375
0.028297 0.5 0.553073 1 0.666667 0.375
0.023653 0.5 0.553073 1 0 0.375
0.033382 0.5 0.553073 1 1 0.375
0.025371 0.5 0.553073 1 0.333333 0.375
0.033949 0.5 0.553073 0 0.666667 0.375
0.033709 0.5 0.553073 0 0 0.375
0.035259 0.5 0.553073 0 1 0.375
0.03323 0.5 0.553073 0 0.333333 0.375
0.02966 0.5 0.553073 0.333333 0.666667 0.375
0.028706 0.5 0.553073 0.333333 0 0.375
0.031566 0.5 0.553073 0.333333 1 0.375
0.028823 0.5 0.553073 0.333333 0.333333 0.375
0.027874 0.5 0.776536 0.666667 0.666667 0.375
0.025728 0.5 0.776536 0.666667 0 0.375
0.031447 0.5 0.776536 0.666667 1 0.375
0.026322 0.5 0.776536 0.666667 0.333333 0.375
0.028816 0.5 0.776536 1 0.666667 0.375
0.024036 0.5 0.776536 1 0 0.375
0.033696 0.5 0.776536 1 1 0.375
0.025732 0.5 0.776536 1 0.333333 0.375
0.033949 0.5 0.776536 0 0.666667 0.375
0.033828 0.5 0.776536 0 0 0.375
0.035378 0.5 0.776536 0 1 0.375
0.033468 0.5 0.776536 0 0.333333 0.375
0.029779 0.5 0.776536 0.333333 0.666667 0.375
0.029063 0.5 0.776536 0.333333 0 0.375
0.031685 0.5 0.776536 0.333333 1 0.375
0.028942 0.5 0.776536 0.333333 0.333333 0.375
0.028112 0.5 1 0.666667 0.666667 0.375
0.025966 0.5 1 0.666667 0 0.375
0.031685 0.5 1 0.666667 1 0.375
0.026322 0.5 1 0.666667 0.333333 0.375
0.028917 0.5 1 1 0.666667 0.375
0.02421 0.5 1 1 0 0.375
0.034021 0.5 1 1 1 0.375
0.025799 0.5 1 1 0.333333 0.375
0.034068 0.5 1 0 0.666667 0.375
0.033828 0.5 1 0 0 0.375
0.035378 0.5 1 0 1 0.375
0.033468 0.5 1 0 0.333333 0.375
0.029779 0.5 1 0.333333 0.666667 0.375
0.029182 0.5 1 0.333333 0 0.375
0.031685 0.5 1 0.333333 1 0.375
0.029061 0.5 1 0.333333 0.333333 0.375
0.027159 0.5 0.106145 0.666667 0.666667 0.375
0.024418 0.5 0.106145 0.666667 0 0.375
0.030137 0.5 0.106145 0.666667 1 0.375
0.025488 0.5 0.106145 0.666667 0.333333 0.375
0.027144 0.5 0.106145 1 0.666667 0.375
0.022416 0.5 0.106145 1 0 0.375
0.031477 0.5 0.106145 1 1 0.375
0.024497 0.5 0.106145 1 0.333333 0.375
0.033472 0.5 0.106145 0 0.666667 0.375
0.032637 0.5 0.106145 0 0 0.375
0.034901 0.5 0.106145 0 1 0.375
0.032634 0.5 0.106145 0 0.333333 0.375
0.029184 0.5 0.106145 0.333333 0.666667 0.375
0.027515 0.5 0.106145 0.333333 0 0.375
0.03109 0.5 0.106145 0.333333 1 0.375
0.028108 0.5 0.106145 0.333333 0.333333 0.375
0.027516 0.5 0.329609 0.666667 0.666667 0.375
0.025252 0.5 0.329609 0.666667 0 0.375
0.030851 0.5 0.329609 0.666667 1 0.375
0.025964 0.5 0.329609 0.666667 0.333333 0.375
0.028015 0.5 0.329609 1 0.666667 0.375
0.023279 0.5 0.329609 1 0 0.375
0.03275 0.5 0.329609 1 1 0.375
0.025021 0.5 0.329609 1 0.333333 0.375
0.03371 0.5 0.329609 0 0.666667 0.375
0.033351 0.5 0.329609 0 0 0.375
0.03514 0.5 0.329609 0 1 0.375
0.033111 0.5 0.329609 0 0.333333 0.375
0.029541 0.5 0.329609 0.333333 0.666667 0.375
0.028587 0.5 0.329609 0.333333 0 0.375
0.031447 0.5 0.329609 0.333333 1 0.375
0.028466 0.5 0.329609 0.333333 0.333333 0.375
0.031328 1 0.553073 0.666667 0.666667 0.375
0.028825 1 0.553073 0.666667 0 0.375
0.033949 1 0.553073 0.666667 1 0.375
0.029776 1 0.553073 0.666667 0.333333 0.375
0.030374 1 0.553073 1 0.666667 0.375
0.02683 1 0.553073 1 0 0.375
0.034147 1 0.553073 1 1 0.375
0.028267 1 0.553073 1 0.333333 0.375
0.037403 1 0.553073 0 0.666667 0.375
0.036329 1 0.553073 0 0 0.375
0.039071 1 0.553073 0 1 0.375
0.036207 1 0.553073 0 0.333333 0.375
0.033591 1 0.553073 0.333333 0.666667 0.375
0.031565 1 0.553073 0.333333 0 0.375
0.035497 1 0.553073 0.333333 1 0.375
0.032277 1 0.553073 0.333333 0.333333 0.375
0.031447 1 0.776536 0.666667 0.666667 0.375
0.028825 1 0.776536 0.666667 0 0.375
0.034068 1 0.776536 0.666667 1 0.375
0.030014 1 0.776536 0.666667 0.333333 0.375
0.03072 1 0.776536 1 0.666667 0.375
0.027097 1 0.776536 1 0 0.375
0.034413 1 0.776536 1 1 0.375
0.028521 1 0.776536 1 0.333333 0.375
0.037522 1 0.776536 0 0.666667 0.375
0.036329 1 0.776536 0 0 0.375
0.03919 1 0.776536 0 1 0.375
0.036446 1 0.776536 0 0.333333 0.375
0.033591 1 0.776536 0.333333 0.666667 0.375
0.031922 1 0.776536 0.333333 0 0.375
0.035735 1 0.776536 0.333333 1 0.375
0.032515 1 0.776536 0.333333 0.333333 0.375
0.031566 1 1 0.666667 0.666667 0.375
0.029063 1 1 0.666667 0 0.375
0.034306 1 1 0.666667 1 0.375
0.030014 1 1 0.666667 0.333333 0.375
0.030949 1 1 1 0.666667 0.375
0.027301 1 1 1 0 0.375
0.034638 1 1 1 1 0.375
0.028659 1 1 1 0.333333 0.375
0.037522 1 1 0 0.666667 0.375
0.03621 1 1 0 0 0.375
0.03919 1 1 0 1 0.375
0.036684 1 1 0 0.333333 0.375
0.03371 1 1 0.333333 0.666667 0.375
0.032041 1 1 0.333333 0 0.375
0.035735 1 1 0.333333 1 0.375
0.032515 1 1 0.333333 0.333333 0.375
0.030851 1 0.106145 0.666667 0.666667 0.375
0.027753 1 0.106145 0.666667 0 0.375
0.033234 1 0.106145 0.666667 1 0.375
0.029061 1 0.106145 0.666667 0.333333 0.375
0.029785 1 0.106145 1 0.666667 0.375
0.025762 1 0.106145 1 0 0.375
0.032988 1 0.106145 1 1 0.375
0.027496 1 0.106145 1 0.333333 0.375
0.036926 1 0.106145 0 0.666667 0.375
0.034304 1 0.106145 0 0 0.375
0.038713 1 0.106145 0 1 0.375
0.035731 1 0.106145 0 0.333333 0.375
0.033115 1 0.106145 0.333333 0.666667 0.375
0.030254 1 0.106145 0.333333 0 0.375
0.03514 1 0.106145 0.333333 1 0.375
0.031681 1 0.106145 0.333333 0.333333 0.375
0.031209 1 0.329609 0.666667 0.666667 0.375
0.028229 1 0.329609 0.666667 0 0.375
0.033591 1 0.329609 0.666667 1 0.375
0.029418 1 0.329609 0.666667 0.333333 0.375
0.030212 1 0.329609 1 0.666667 0.375
0.026318 1 0.329609 1 0 0.375
0.03363 1 0.329609 1 1 0.375
0.028033 1 0.329609 1 0.333333 0.375
0.037165 1 0.329609 0 0.666667 0.375
0.035495 1 0.329609 0 0 0.375
0.039071 1 0.329609 0 1 0.375
0.036088 1 0.329609 0 0.333333 0.375
0.033472 1 0.329609 0.333333 0.666667 0.375
0.031326 1 0.329609 0.333333 0 0.375
0.035378 1 0.329609 0.333333 1 0.375
0.032158 1 0.329609 0.333333 0.333333 0.375
0.023943 0 0.553073 0.666667 0.666667 1
0.024062 0 0.553073 0.666667 0 1
0.030492 0 0.553073 0.666667 1 1
0.023821 0 0.553073 0.666667 0.333333 1
0.027953 0 0.553073 1 0.666667 1
0.021646 0 0.553073 1 0 1
0.034547 0 0.553073 1 1 1
0.022348 0 0.553073 1 0.333333 1
0.032162 0 0.553073 0 0.666667 1
0.033234 0 0.553073 0 0 1
0.032874 0 0.553073 0 1 1
0.032277 0 0.553073 0 0.333333 1
0.026563 0 0.553073 0.333333 0.666667 1
0.028112 0 0.553073 0.333333 0 1
0.027038 0 0.553073 0.333333 1 1
0.026917 0 0.553073 0.333333 0.333333 1
0.024181 0 0.776536 0.666667 0.666667 1
0.024062 0 0.776536 0.666667 0 1
0.03073 0 0.776536 0.666667 1 1
0.024059 0 0.776536 0.666667 0.333333 1
0.028602 0 0.776536 1 0.666667 1
0.021892 0 0.776536 1 0 1
0.035049 0 0.776536 1 1 1
0.022508 0 0.776536 1 0.333333 1
0.032162 0 0.776536 0 0.666667 1
0.033353 0 0.776536 0 0 1
0.032874 0 0.776536 0 1 1
0.032277 0 0.776536 0 0.333333 1
0.026563 0 0.776536 0.333333 0.666667 1
0.027755 0 0.776536 0.333333 0 1
0.027157 0 0.776536 0.333333 1 1
0.026917 0 0.776536 0.333333 0.333333 1
0.024181 0 1 0.666667 0.666667 1
0.024062 0 1 0.666667 0 1
0.031206 0 1 0.666667 1 1
0.02394 0 1 0.666667 0.333333 1
0.028719 0 1 1 0.666667 1
0.022023 0 1 1 0 1
0.034924 0 1 1 1 1
0.022608 0 1 1 0.333333 1
0.032162 0 1 0 0.666667 1
0.033353 0 1 0 0 1
0.032874 0 1 0 1 1
0.032396 0 1 0 0.333333 1
0.026682 0 1 0.333333 0.666667 1
0.027993 0 1 0.333333 0 1
0.027157 0 1 0.333333 1 1
0.027036 0 1 0.333333 0.333333 1
0.02299 0 0.106145 0.666667 0.666667 1
0.023586 0 0.106145 0.666667 0 1
0.026442 0 0.106145 0.666667 1 1
0.022749 0 0.106145 0.666667 0.333333 1
0.022302 0 0.106145 1 0.666667 1
0.020792 0 0.106145 1 0 1
0.031017 0 0.106145 1 1 1
0.021117 0 0.106145 1 0.333333 1
0.031804 0 0.106145 0 0.666667 1
0.032519 0 0.106145 0 0 1
0.032755 0 0.106145 0 1 1
0.031801 0 0.106145 0 0.333333 1
0.026087 0 0.106145 0.333333 0.666667 1
0.02704 0 0.106145 0.333333 0 1
0.02668 0 0.106145 0.333333 1 1
0.026203 0 0.106145 0.333333 0.333333 1
0.023824 0 0.329609 0.666667 0.666667 1
0.023943 0 0.329609 0.666667 0 1
0.029539 0 0.329609 0.666667 1 1
0.023582 0 0.329609 0.666667 0.333333 1
0.026654 0 0.329609 1 0.666667 1
0.021491 0 0.329609 1 0 1
0.034018 0 0.329609 1 1 1
0.021997 0 0.329609 1 0.333333 1
0.032043 0 0.329609 0 0.666667 1
0.032996 0 0.329609 0 0 1
0.032755 0 0.329609 0 1 1
0.032158 0 0.329609 0 0.333333 1
0.026444 0 0.329609 0.333333 0.666667 1
0.027874 0 0.329609 0.333333 0 1
0.026919 0 0.329609 0.333333 1 1
0.026798 0 0.329609 0.333333 0.333333 1
0.025015 0.5 0.553073 0.666667 0.666667 1
0.024777 0.5 0.553073 0.666667 0 1
0.027276 0.5 0.553073 0.666667 1 1
0.024654 0.5 0.553073 0.666667 0.333333 1
0.02537 0.5 0.553073 1 0.666667 1
0.022511 0.5 0.553073 1 0 1
0.031131 0.5 0.553073 1 1 1
0.023011 0.5 0.553073 1 0.333333 1
0.032519 0.5 0.553073 0 0.666667 1
0.033592 0.5 0.553073 0 0 1
0.032993 0.5 0.553073 0 1 1
0.032753 0.5 0.553073 0 0.333333 1
0.027635 0.5 0.553073 0.333333 0.666667 1
0.028231 0.5 0.553073 0.333333 0 1
0.028229 0.5 0.553073 0.333333 1 1
0.027751 0.5 0.553073 0.333333 0.333333 1
0.025134 0.5 0.776536 0.666667 0.666667 1
0.024896 0.5 0.776536 0.666667 0 1
0.027633 0.5 0.776536 0.666667 1 1
0.024773 0.5 0.776536 0.666667 0.333333 1
0.026013 0.5 0.776536 1 0.666667 1
0.022548 0.5 0.776536 1 0 1
0.031747 0.5 0.776536 1 1 1
0.023316 0.5 0.776536 1 0.333333 1
0.032638 0.5 0.776536 0 0.666667 1
0.033592 0.5 0.776536 0 0 1
0.032993 0.5 0.776536 0 1 1
0.032872 0.5 0.776536 0 0.333333 1
0.027754 0.5 0.776536 0.333333 0.666667 1
0.028589 0.5 0.776536 0.333333 0 1
0.028348 0.5 0.776536 0.333333 1 1
0.02787 0.5 0.776536 0.333333 0.333333 1
0.025253 0.5 1 0.666667 0.666667 1
0.025015 0.5 1 0.666667 0 1
0.027871 0.5 1 0.666667 1 1
0.024893 0.5 1 0.666667 0.333333 1
0.026028 0.5 1 1 0.666667 1
0.022696 0.5 1 1 0 1
0.031893 0.5 1 1 1 1
0.023236 0.5 1 1 0.333333 1
0.032638 0.5 1 0 0.666667 1
0.033711 0.5 1 0 0 1
0.033112 0.5 1 0 1 1
0.032992 0.5 1 0 0.333333 1
0.027754 0.5 1 0.333333 0.666667 1
0.028469 0.5 1 0.333333 0 1
0.028348 0.5 1 0.333333 1 1
0.027989 0.5 1 0.333333 0.333333 1
0.0243 0.5 0.106145 0.666667 0.666667 1
0.024062 0.5 0.106145 0.666667 0 1
0.025966 0.5 0.106145 0.666667 1 1
0.023702 0.5 0.106145 0.666667 0.333333 1
0.024328 0.5 0.106145 1 0.666667 1
0.02145 0.5 0.106145 1 0 1
0.028571 0.5 0.106145 1 1 1
0.021845 0.5 0.106145 1 0.333333 1
0.031924 0.5 0.106145 0 0.666667 1
0.032758 0.5 0.106145 0 0 1
0.032636 0.5 0.106145 0 1 1
0.032039 0.5 0.106145 0 0.333333 1
0.02704 0.5 0.106145 0.333333 0.666667 1
0.027874 0.5 0.106145 0.333333 0 1
0.027871 0.5 0.106145 0.333333 1 1
0.027036 0.5 0.106145 0.333333 0.333333 1
0.024776 0.5 0.329609 0.666667 0.666667 1
0.024658 0.5 0.329609 0.666667 0 1
0.026919 0.5 0.329609 0.666667 1 1
0.024416 0.5 0.329609 0.666667 0.333333 1
0.024968 0.5 0.329609 1 0.666667 1
0.022231 0.5 0.329609 1 0 1
0.030368 0.5 0.329609 1 1 1
0.022703 0.5 0.329609 1 0.333333 1
0.0324 0.5 0.329609 0 0.666667 1
0.033592 0.5 0.329609 0 0 1
0.032874 0.5 0.329609 0 1 1
0.032634 0.5 0.329609 0 0.333333 1
0.027516 0.5 0.329609 0.333333 0.666667 1
0.02835 0.5 0.329609 0.333333 0 1
0.02811 0.5 0.329609 0.333333 1 1
0.027751 0.5 0.329609 0.333333 0.333333 1
0.028231 1 0.553073 0.666667 0.666667 1
0.026444 1 0.553073 0.666667 0 1
0.030015 1 0.553073 0.666667 1 1
0.027394 1 0.553073 0.666667 0.333333 1
0.027294 1 0.553073 1 0.666667 1
0.024767 1 0.553073 1 0 1
0.030357 1 0.553073 1 1 1
0.02571 1 0.553073 1 0.333333 1
0.034782 1 0.553073 0 0.666667 1
0.034425 1 0.553073 0 0 1
0.035733 1 0.553073 0 1 1
0.03454 1 0.553073 0 0.333333 1
0.030613 1 0.553073 0.333333 0.666667 1
0.02978 1 0.553073 0.333333 0 1
0.031802 1 0.553073 0.333333 1 1
0.030133 1 0.553073 0.333333 0.333333 1
0.028469 1 0.776536 0.666667 0.666667 1
0.026802 1 0.776536 0.666667 0 1
0.030134 1 0.776536 0.666667 1 1
0.027513 1 0.776536 0.666667 0.333333 1
0.027548 1 0.776536 1 0.666667 1
0.024917 1 0.776536 1 0 1
0.030754 1 0.776536 1 1 1
0.025777 1 0.776536 1 0.333333 1
0.034782 1 0.776536 0 0.666667 1
0.03514 1 0.776536 0 0 1
0.035613 1 0.776536 0 1 1
0.034897 1 0.776536 0 0.333333 1
0.030732 1 0.776536 0.333333 0.666667 1
0.02978 1 0.776536 0.333333 0 1
0.031921 1 0.776536 0.333333 1 1
0.030371 1 0.776536 0.333333 0.333333 1
0.028469 1 1 0.666667 0.666667 1
0.027159 1 1 0.666667 0 1
0.030254 1 1 0.666667 1 1
0.027513 1 1 0.666667 0.333333 1
0.02769 1 1 1 0.666667 1
0.02474 1 1 1 0 1
0.030892 1 1 1 1 1
0.025972 1 1 1 0.333333 1
0.035021 1 1 0 0.666667 1
0.035021 1 1 0 0 1
0.035733 1 1 0 1 1
0.034659 1 1 0 0.333333 1
0.030851 1 1 0.333333 0.666667 1
0.030137 1 1 0.333333 0 1
0.031921 1 1 0.333333 1 1
0.03061 1 1 0.333333 0.333333 1
0.027516 1 0.106145 0.666667 0.666667 1
0.025491 1 0.106145 0.666667 0 1
0.029301 1 0.106145 0.666667 1 1
0.02656 1 0.106145 0.666667 0.333333 1
0.026494 1 0.106145 1 0.666667 1
0.023705 1 0.106145 1 0 1
0.029351 1 0.106145 1 1 1
0.024838 1 0.106145 1 0.333333 1
0.034306 1 0.106145 0 0.666667 1
0.033592 1 0.106145 0 0 1
0.035256 1 0.106145 0 1 1
0.033349 1 0.106145 0 0.333333 1
0.030137 1 0.106145 0.333333 0.666667 1
0.029184 1 0.106145 0.333333 0 1
0.031445 1 0.106145 0.333333 1 1
0.029418 1 0.106145 0.333333 0.333333 1
0.027993 1 0.329609 0.666667 0.666667 1
0.026564 1 0.329609 0.666667 0 1
0.029777 1 0.329609 0.666667 1 1
0.027156 1 0.329609 0.666667 0.333333 1
0.027038 1 0.329609 1 0.666667 1
0.024401 1 0.329609 1 0 1
0.029876 1 0.329609 1 1 1
0.025622 1 0.329609 1 0.333333 1
0.034544 1 0.329609 0 0.666667 1
0.034187 1 0.329609 0 0 1
0.035494 1 0.329609 0 1 1
0.034421 1 0.329609 0 0.333333 1
0.030494 1 0.329609 0.333333 0.666667 1
0.029422 1 0.329609 0.333333 0 1
0.031683 1 0.329609 0.333333 1 1
0.030014 1 0.329609 0.333333 0.333333 1
0.034181 0 0.553073 0.666667 0.666667 0
0.028404 0 0.553073 0.666667 0 0
0.038426 0 0.553073 0.666667 1 0
0.030964 0 0.553073 0.666667 0.333333 0
0.034033 0 0.553073 1 0.666667 0
0.027414 0 0.553073 1 0 0
0.039173 0 0.553073 1 1 0
0.030447 0 0.553073 1 0.333333 0
0.038349 0 0.553073 0 0.666667 0
0.034427 0 0.553073 0 0 0
0.04097 0 0.553073 0 1 0
0.03537 0 0.553073 0 0.333333 0
0.035491 0 0.553073 0.333333 0.666667 0
0.030615 0 0.553073 0.333333 0 0
0.039095 0 0.553073 0.333333 1 0
0.032512 0 0.553073 0.333333 0.333333 0
0.0343 0 0.776536 0.666667 0.666667 0
0.02863 0 0.776536 0.666667 0 0
0.038687 0 0.776536 0.666667 1 0
0.031083 0 0.776536 0.666667 0.333333 0
0.034442 0 0.776536 1 0.666667 0
0.027686 0 0.776536 1 0 0
0.039341 0 0.776536 1 1 0
0.030451 0 0.776536 1 0.333333 0
0.03823 0 0.776536 0 0.666667 0
0.03395 0 0.776536 0 0 0
0.041176 0 0.776536 0 1 0
0.035727 0 0.776536 0 0.333333 0
0.035491 0 0.776536 0.333333 0.666667 0
0.030734 0 0.776536 0.333333 0 0
0.03913 0 0.776536 0.333333 1 0
0.032631 0 0.776536 0.333333 0.333333 0
0.034419 0 1 0.666667 0.666667 0
0.02874 0 1 0.666667 0 0
0.03887 0 1 0.666667 1 0
0.031083 0 1 0.666667 0.333333 0
0.034539 0 1 1 0.666667 0
0.027677 0 1 1 0 0
0.039634 0 1 1 1 0
0.030582 0 1 1 0.333333 0
0.038468 0 1 0 0.666667 0
0.035023 0 1 0 0 0
0.041135 0 1 0 1 0
0.035966 0 1 0 0.333333 0
0.035491 0 1 0.333333 0.666667 0
0.030972 0 1 0.333333 0 0
0.039064 0 1 0.333333 1 0
0.032869 0 1 0.333333 0.333333 0
0.033823 0 0.106145 0.666667 0.666667 0
0.027769 0 0.106145 0.666667 0 0
0.037966 0 0.106145 0.666667 1 0
0.030606 0 0.106145 0.666667 0.333333 0
0.033386 0 0.106145 1 0.666667 0
0.026692 0 0.106145 1 0 0
0.03797 0 0.106145 1 1 0
0.029743 0 0.106145 1 0.333333 0
0.037992 0 0.106145 0 0.666667 0
0.032878 0 0.106145 0 0 0
0.040548 0 0.106145 0 1 0
0.035608 0 0.106145 0 0.333333 0
0.035014 0 0.106145 0.333333 0.666667 0
0.029186 0 0.106145 0.333333 0 0
0.038631 0 0.106145 0.333333 1 0
0.032155 0 0.106145 0.333333 0.333333 0
0.034062 0 0.329609 0.666667 0.666667 0
0.02836 0 0.329609 0.666667 0 0
0.038386 0 0.329609 0.666667 1 0
0.030845 0 0.329609 0.666667 0.333333 0
0.033774 0 0.329609 1 0.666667 0
0.027236 0 0.329609 1 0 0
0.038728 0 0.329609 1 1 0
0.030143 0 0.329609 1 0.333333 0
0.03823 0 0.329609 0 0.666667 0
0.03407 0 0.329609 0 0 0
0.04094 0 0.329609 0 1 0
0.035846 0 0.329609 0 0.333333 0
0.035372 0 0.329609 0.333333 0.666667 0
0.030615 0 0.329609 0.333333 0 0
0.038778 0 0.329609 0.333333 1 0
0.032393 0 0.329609 0.333333 0.333333 0
0.035848 0.5 0.553073 0.666667 0.666667 0
0.030664 0.5 0.553073 0.666667 0 0
0.039594 0.5 0.553073 0.666667 1 0
0.032988 0.5 0.553073 0.666667 0.333333 0
0.035096 0.5 0.553073 1 0.666667 0
0.029268 0.5 0.553073 1 0 0
0.039549 0.5 0.553073 1 1 0
0.031885 0.5 0.553073 1 0.333333 0
0.04085 0.5 0.553073 0 0.666667 0
0.037167 0.5 0.553073 0 0 0
0.043357 0.5 0.553073 0 1 0
0.038466 0.5 0.553073 0 0.333333 0
0.037634 0.5 0.553073 0.333333 0.666667 0
0.033236 0.5 0.553073 0.333333 0 0
0.040758 0.5 0.553073 0.333333 1 0
0.035013 0.5 0.553073 0.333333 0.333333 0
0.035967 0.5 0.776536 0.666667 0.666667 0
0.030785 0.5 0.776536 0.666667 0 0
0.039865 0.5 0.776536 0.666667 1 0
0.032988 0.5 0.776536 0.666667 0.333333 0
0.035389 0.5 0.776536 1 0.666667 0
0.029439 0.5 0.776536 1 0 0
0.039872 0.5 0.776536 1 1 0
0.031895 0.5 0.776536 1 0.333333 0
0.04085 0.5 0.776536 0 0.666667 0
0.036929 0.5 0.776536 0 0 0
0.043401 0.5 0.776536 0 1 0
0.038586 0.5 0.776536 0 0.333333 0
0.037754 0.5 0.776536 0.333333 0.666667 0
0.033236 0.5 0.776536 0.333333 0 0
0.040807 0.5 0.776536 0.333333 1 0
0.035132 0.5 0.776536 0.333333 0.333333 0
0.036086 0.5 1 0.666667 0.666667 0
0.030915 0.5 1 0.666667 0 0
0.040002 0.5 1 0.666667 1 0
0.033107 0.5 1 0.666667 0.333333 0
0.035643 0.5 1 1 0.666667 0
0.029574 0.5 1 1 0 0
0.040251 0.5 1 1 1 0
0.032017 0.5 1 1 0.333333 0
0.040969 0.5 1 0 0.666667 0
0.037167 0.5 1 0 0 0
0.043393 0.5 1 0 1 0
0.038705 0.5 1 0 0.333333 0
0.037754 0.5 1 0.333333 0.666667 0
0.033355 0.5 1 0.333333 0 0
0.040953 0.5 1 0.333333 1 0
0.035132 0.5 1 0.333333 0.333333 0
0.035491 0.5 0.106145 0.666667 0.666667 0
0.030143 0.5 0.106145 0.666667 0 0
0.039357 0.5 0.106145 0.666667 1 0
0.032631 0.5 0.106145 0.666667 0.333333 0
0.034565 0.5 0.106145 1 0.666667 0
0.028456 0.5 0.106145 1 0 0
0.03892 0.5 0.106145 1 1 0
0.031262 0.5 0.106145 1 0.333333 0
0.040255 0.5 0.106145 0 0.666667 0
0.035499 0.5 0.106145 0 0 0
0.04299 0.5 0.106145 0 1 0
0.037752 0.5 0.106145 0 0.333333 0
0.037396 0.5 0.106145 0.333333 0.666667 0
0.031806 0.5 0.106145 0.333333 0 0
0.040453 0.5 0.106145 0.333333 1 0
0.034656 0.5 0.106145 0.333333 0.333333 0
0.035729 0.5 0.329609 0.666667 0.666667 0
0.030513 0.5 0.329609 0.666667 0 0
0.039581 0.5 0.329609 0.666667 1 0
0.03275 0.5 0.329609 0.666667 0.333333 0
0.034842 0.5 0.329609 1 0.666667 0
0.029032 0.5 0.329609 1 0 0
0.039396 0.5 0.329609 1 1 0
0.031502 0.5 0.329609 1 0.333333 0
0.040612 0.5 0.329609 0 0.666667 0
0.036571 0.5 0.329609 0 0 0
0.043192 0.5 0.329609 0 1 0
0.038466 0.5 0.329609 0 0.333333 0
0.037515 0.5 0.329609 0.333333 0.666667 0
0.032997 0.5 0.329609 0.333333 0 0
0.040649 0.5 0.329609 0.333333 1 0
0.034894 0.5 0.329609 0.333333 0.333333 0
0.038468 1 0.553073 0.666667 0.666667 0
0.033802 1 0.553073 0.666667 0 0
0.041732 1 0.553073 0.666667 1 0
0.035727 1 0.553073 0.666667 0.333333 0
0.037259 1 0.553073 1 0.666667 0
0.032003 1 0.553073 1 0 0
0.041129 1 0.553073 1 1 0
0.034126 1 0.553073 1 0.333333 0
0.043947 1 0.553073 0 0.666667 0
0.040145 1 0.553073 0 0 0
0.046106 1 0.553073 0 1 0
0.041563 1 0.553073 0 0.333333 0
0.040612 1 0.553073 0.333333 0.666667 0
0.036333 1 0.553073 0.333333 0 0
0.043332 1 0.553073 0.333333 1 0
0.038109 1 0.553073 0.333333 0.333333 0
0.038587 1 0.776536 0.666667 0.666667 0
0.033905 1 0.776536 0.666667 0 0
0.041815 1 0.776536 0.666667 1 0
0.035846 1 0.776536 0.666667 0.333333 0
0.037371 1 0.776536 1 0.666667 0
0.032151 1 0.776536 1 0 0
0.041431 1 0.776536 1 1 0
0.034257 1 0.776536 1 0.333333 0
0.043947 1 0.776536 0 0.666667 0
0.040264 1 0.776536 0 0 0
0.046141 1 0.776536 0 1 0
0.041682 1 0.776536 0 0.333333 0
0.040612 1 0.776536 0.333333 0.666667 0
0.036571 1 0.776536 0.333333 0 0
0.043345 1 0.776536 0.333333 1 0
0.038228 1 0.776536 0.333333 0.333333 0
0.038587 1 1 0.666667 0.666667 0
0.034156 1 1 0.666667 0 0
0.041987 1 1 0.666667 1 0
0.035966 1 1 0.666667 0.333333 0
0.037504 1 1 1 0.666667 0
0.032275 1 1 1 0 0
0.041369 1 1 1 1 0
0.034533 1 1 1 0.333333 0
0.043947 1 1 0 0.666667 0
0.040502 1 1 0 0 0
0.046266 1 1 0 1 0
0.041801 1 1 0 0.333333 0
0.040612 1 1 0.333333 0.666667 0
0.036452 1 1 0.333333 0 0
0.04346 1 1 0.333333 1 0
0.038228 1 1 0.333333 0.333333 0
0.038111 1 0.106145 0.666667 0.666667 0
0.033284 1 0.106145 0.666667 0 0
0.041351 1 0.106145 0.666667 1 0
0.035489 1 0.106145 0.666667 0.333333 0
0.036683 1 0.106145 1 0.666667 0
0.03141 1 0.106145 1 0 0
0.040411 1 0.106145 1 1 0
0.033743 1 0.106145 1 0.333333 0
0.043708 1 0.106145 0 0.666667 0
0.038954 1 0.106145 0 0 0
0.045939 1 0.106145 0 1 0
0.040967 1 0.106145 0 0.333333 0
0.040374 1 0.106145 0.333333 0.666667 0
0.035856 1 0.106145 0.333333 0 0
0.043081 1 0.106145 0.333333 1 0
0.037871 1 0.106145 0.333333 0.333333 0
0.038349 1 0.329609 0.666667 0.666667 0
0.033528 1 0.329609 0.666667 0 0
0.041604 1 0.329609 0.666667 1 0
0.035608 1 0.329609 0.666667 0.333333 0
0.036972 1 0.329609 1 0.666667 0
0.031733 1 0.329609 1 0 0
0.040763 1 0.329609 1 1 0
0.034008 1 0.329609 1 0.333333 0
0.043708 1 0.329609 0 0.666667 0
0.039907 1 0.329609 0 0 0
0.046031 1 0.329609 0 1 0
0.041563 1 0.329609 0 0.333333 0
0.040493 1 0.329609 0.333333 0.666667 0
0.036214 1 0.329609 0.333333 0 0
0.043158 1 0.329609 0.333333 1 0
0.03799 1 0.329609 0.333333 0.333333 0
0.023458 0 0 0.666667 0.666667 0.375
0.022274 0 0 0.666667 0 0.375
0.025893 0 0 0.666667 1 0.375
0.02251 0 0 0.666667 0.333333 0.375
0.023235 0 0 1 0.666667 0.375
0.019919 0 0 1 0 0.375
0.026681 0 0 1 1 0.375
0.020116 0 0 1 0.333333 0.375
0.032751 0 0 0 0.666667 0.375
0.030969 0 0 0 0 0.375
0.03312 0 0 0 1 0.375
0.031324 0 0 0 0.333333 0.375
0.027069 0 0 0.333333 0.666667 0.375
0.025966 0 0 0.333333 0 0.375
0.027846 0 0 0.333333 1 0.375
0.026203 0 0 0.333333 0.333333 0.375
0.025103 0.5 0 0.666667 0.666667 0.375
0.022869 0.5 0 0.666667 0 0.375
0.028008 0.5 0 0.666667 1 0.375
0.023582 0.5 0 0.666667 0.333333 0.375
0.024625 0.5 0 1 0.666667 0.375
0.020478 0.5 0 1 0 0.375
0.027434 0.5 0 1 1 0.375
0.021439 0.5 0 1 0.333333 0.375
0.033108 0.5 0 0 0.666667 0.375
0.031445 0.5 0 0 0 0.375
0.033994 0.5 0 0 1 0.375
0.03192 0.5 0 0 0.333333 0.375
0.028078 0.5 0 0.333333 0.666667 0.375
0.026324 0.5 0 0.333333 0 0.375
0.029416 0.5 0 0.333333 1 0.375
0.026917 0.5 0 0.333333 0.333333 0.375
0.028615 1 0 0.666667 0.666667 0.375
0.025609 1 0 0.666667 0 0.375
0.031335 1 0 0.666667 1 0.375
0.026798 1 0 0.666667 0.333333 0.375
0.028171 1 0 1 0.666667 0.375
0.023554 1 0 1 0 0.375
0.030457 1 0 1 1 0.375
0.024797 1 0 1 0.333333 0.375
0.035728 1 0 0 0.666667 0.375
0.032994 1 0 0 0 0.375
0.037071 1 0 0 1 0.375
0.034421 1 0 0 0.333333 0.375
0.03139 1 0 0.333333 0.666667 0.375
0.028944 1 0 0.333333 0 0.375
0.033181 1 0 0.333333 1 0.375
0.029895 1 0 0.333333 0.333333 0.375
0.021796 0 0 0.666667 0.666667 1
0.021796 0 0 0.666667 0 1
0.022866 0 0 0.666667 1 1
0.02168 0 0 0.666667 0.333333 1
0.020136 0 0 1 0.666667 1
0.018691 0 0 1 0 1
0.022271 0 0 1 1 1
0.019247 0 0 1 0.333333 1
0.030967 0 0 0 0.666667 1
0.03061 0 0 0 0 1
0.032393 0 0 0 1 1
0.030733 0 0 0 0.333333 1
0.025607 0 0 0.333333 0.666667 1
0.025369 0 0 0.333333 0 1
0.026676 0 0 0.333333 1 1
0.025491 0 0 0.333333 0.333333 1
0.023106 0.5 0 0.666667 0.666667 1
0.022272 0.5 0 0.666667 0 1
0.024295 0.5 0 0.666667 1 1
0.022394 0.5 0 0.666667 0.333333 1
0.021592 0.5 0 1 0.666667 1
0.019513 0.5 0 1 0 1
0.023685 0.5 0 1 1 1
0.020196 0.5 0 1 0.333333 1
0.031324 0.5 0 0 0.666667 1
0.030729 0.5 0 0 0 1
0.032274 0.5 0 0 1 1
0.030852 0.5 0 0 0.333333 1
0.026203 0.5 0 0.333333 0.666667 1
0.025369 0.5 0 0.333333 0 1
0.027272 0.5 0 0.333333 1 1
0.02573 0.5 0 0.333333 0.333333 1
0.026441 1 0 0.666667 0.666667 1
0.024059 1 0 0.666667 0 1
0.028106 1 0 0.666667 1 1
0.024539 1 0 0.666667 0.333333 1
0.024511 1 0 1 0.666667 1
0.020646 1 0 1 0 1
0.026805 1 0 1 1 1
0.023109 1 0 1 0.333333 1
0.033587 1 0 0 0.666667 1
0.030729 1 0 0 0 1
0.034894 1 0 0 1 1
0.032519 1 0 0 0.333333 1
0.028823 1 0 0.333333 0.666667 1
0.027036 1 0 0.333333 0 1
0.030487 1 0 0.333333 1 1
0.027516 1 0 0.333333 0.333333 1
0.02968 0 0 0.666667 0.666667 0
0.02512 0 0 0.666667 0 0
0.026981 0 0 0.666667 0.333333 0
0.034601 0 0 1 0.666667 0
0.023166 0 0 1 0 0
0.025405 0 0 1 0.333333 0
0.035492 0 0 0 0.666667 0
0.03287 0 0 0 0 0
0.039864 0 0 0 1 0
0.034041 0 0 0 0.333333 0
0.031719 0 0 0.333333 0.666667 0
0.028147 0 0 0.333333 0 0
0.02967 0 0 0.333333 0.333333 0
0.031585 0.5 0 0.666667 0.666667 0
0.027092 0.5 0 0.666667 0 0
0.029027 0.5 0 0.666667 0.333333 0
0.034048 0.5 0 1 0.666667 0
0.025108 0.5 0 1 0 0
0.027135 0.5 0 1 0.333333 0
0.037648 0.5 0 0 0.666667 0
0.034538 0.5 0 0 0 0
0.039507 0.5 0 0 1 0
0.03595 0.5 0 0 0.333333 0
0.0337 0.5 0 0.333333 0.666667 0
0.030185 0.5 0 0.333333 0 0
0.036835 0.5 0 0.333333 1 0
0.03181 0.5 0 0.333333 0.333333 0
0.034386 1 0 0.666667 0.666667 0
0.030343 1 0 0.666667 0 0
0.032242 1 0 0.666667 0.333333 0
0.034987 1 0 1 0.666667 0
0.028085 1 0 1 0 0
0.03012 1 0 1 0.333333 0
0.041104 1 0 0 0.666667 0
0.037753 1 0 0 0 0
0.04273 1 0 0 1 0
0.03942 1 0 0 0.333333 0
0.036919 1 0 0.333333 0.666667 0
0.033541 1 0 0.333333 0 0
0.040157 1 0 0.333333 1 0
0.035103 1 0 0.333333 0.333333 0
