0	0.068593498779996	0.327749664341982	0.480941708809623	0.768833989991893	1.389378429261165	nan	nan
1	0.283752470312298	0.201948958721500	0.603801653463877	0.528353141276458	2.877318815544986	nan	nan
2	0.536068893764080	0.277267693289613	0.322829103400380	0.558668422846144	2.749929089445764	nan	nan
3	0.662663285460554	0.389600335743493	0.585984903092593	0.440040522978651	3.049627783871788	nan	nan
4	0.662049808850561	0.445519507205611	0.376764215286109	0.248807010512241	3.694250921544461	nan	nan
5	0.350127535080189	0.208574371290591	-0.109549219778196	0.246876782769361	2.229542518192789	nan	nan
6	0.394462807900462	0.387960467367581	0.147532487336560	0.414904770010367	2.953246952397972	nan	nan
7	0.453963719025813	0.490141476940930	0.529850125877833	0.643256779411834	2.417994174458213	nan	nan
XXXXXXXXXXXXXXXXXXXXXXXXXXXXXXXXXXXXXXXXXXXXXXXXXXXXXXXXXXXXXXXXXXX
XXX Profiling Parameter 6 with bounds (0.000000, 0.020000) and 10000 Steps
XXXXXXXXXXXXXXXXXXXXXXXXXXXXXXXXXXXXXXXXXXXXXXXXXXXXXXXXXXXXXXXXXXX
0	0.159261532211394	0.513520495830074	0.462270000912061	0.520064454583840	3.268350625810823	nan	nan
1	0.016753993803189	0.415518851450674	0.396555149648943	0.284003531288323	1.386682924465653	nan	nan
2	0.369793666657024	0.391405933992241	0.828988955337436	0.959697810071700	1.166703501585999	nan	nan
3	0.507630029758834	0.810196451869622	0.321046165565027	0.404386442122535	1.225017650625731	nan	nan
XXXXXXXXXXXXXXXXXXXXXXXXXXXXXXXXXXXXXXXXXXXXXXXXXXXXXXXXXXXXXXXXXXX
XXX Profiling Parameter 6 with bounds (0.000000, 0.020000) and 10000 Steps
XXXXXXXXXXXXXXXXXXXXXXXXXXXXXXXXXXXXXXXXXXXXXXXXXXXXXXXXXXXXXXXXXXX
0	0.471085960117929	0.781047381772884	0.582905071101539	0.581944325751036	3.350964822670005	0.000000000000000	nan
1	1.183812240853681	0.500898799359009	-0.462281147897381	1.124665564704569	6.999999999995540	0.000002000000000	-266192128.624601900577545
2	1.025002798909927	0.844771203182918	-0.096649765499985	2.063654580686806	-0.106742464311974	0.000004000000000	-159182657.369343101978302
3	1.183812142418320	0.500898488910230	-0.462281071016037	1.124665239110734	6.999999999998349	0.000006000000000	-29576846.865293029695749
4	1.183812080277102	0.500898769961783	-0.462281114580408	1.124665343887962	6.999999999993835	0.000008000000000	-16636949.782086273655295
5	2.063505908199776	1.019580569096197	-0.661628640967867	0.526019112456768	-0.017750586484875	0.000010000000000	-25560947.862872149795294
6	0.922294201070834	0.665052221471435	0.057399087700315	0.431999371888748	0.023303080463272	0.000012000000000	-17750640.361979935318232
7	0.763484110711248	0.750139454386223	-1.219131875266609	0.753228091231945	0.007858979614602	0.000014000000000	-13041271.496253740042448
8	1.183812334899249	0.500898377867839	-0.462281061446956	1.124665242463109	6.999999999999813	0.000016000000000	-4159193.959124207962304
9	0.513229799902841	2.999999999999844	0.497523705375091	0.501974538563233	1.199625061530302	0.000018000000000	-35909828.232560783624649
10	0.592251833606721	0.411563803846895	0.109703858875164	1.002038057221050	0.127346698184231	0.000020000000000	-4885315.051503867842257
11	0.551713835001179	-1.829248996566019	0.813709554598475	0.496525023061382	1.808910945111147	0.000022000000000	-102593450.314514786005020
12	0.551713753407461	-1.829248901791915	0.813709556271772	0.496524921426891	1.808911471650353	0.000024000000000	-86206987.688702672719955
13	0.551713802837989	-1.829248952937094	0.813709475879464	0.496525022081753	1.808911643414012	0.000026000000000	-73454466.669022604823112
14	0.999560404138977	0.827674771878754	-0.112492477785958	-0.024868462321958	0.024032931005699	0.000028000000000	-3260276.486224337480962
15	0.172339387193859	0.406095737100879	0.570408363756349	0.429935162831139	-0.014731794505559	0.000030000000000	-2840056.155933593865484
16	0.229931994053650	0.250378396988697	0.381336370901155	0.943593377728575	-0.007335070725272	0.000032000000000	-2496136.647962136659771
17	1.218779257050930	0.937064295893157	-0.831858246984062	0.473790106765507	-0.019742240201370	0.000034000000000	-2211104.610123010817915
18	0.763641445057476	0.861404461043992	-0.326572849757746	0.575315655158613	0.038220390822733	0.000036000000000	-1972245.021708038868383
19	0.347611880897042	0.193368385467679	0.459579953504746	0.888706934058137	-0.024000947937175	0.000038000000000	-1770098.189955045701936
20	1.183812339499306	0.500898763784365	-0.462280777176676	1.124665456577820	6.999999999998461	0.000040000000000	-665425.939741260372102
21	0.513229736525827	2.999999999999983	0.497523554773460	0.501974442173472	1.199624957619952	0.000042000000000	-6595639.178637523204088
22	1.258961284826063	0.914521490219707	-0.760462841754212	1.229692455243361	-0.135189464422372	0.000044000000000	-1280877.527706340653822
23	0.551713895912619	-1.829248952055456	0.813709620411605	0.496524897839839	1.808911261226493	0.000046000000000	-23466514.103422757238150
24	0.551713793950574	-1.829248935196042	0.813709398137897	0.496525035748644	1.808911593055487	0.000048000000000	-21551707.555573452264071
25	0.551713831041519	-1.829248922711970	0.813709499477553	0.496525010334826	1.808911188315323	0.000050000000000	-19862049.681632928550243
26	0.956226545330458	0.177068004797698	-0.385242328439563	0.344915730992093	-0.004082902112682	0.000052000000000	-945250.356387171195820
