0         0    1.0000
         0    0.1000    1.0998
         0    0.2000    1.1987
         0    0.3000    1.2955
         0    0.4000    1.3894
         0    0.5000    1.4794
         0    0.6000    1.5646
         0    0.7000    1.6442
         0    0.8000    1.7174
         0    0.9000    1.7833
         0    1.0000    1.8415
         0    1.1000    1.8912
         0    1.2000    1.9320
         0    1.3000    1.9636
         0    1.4000    1.9854
         0    1.5000    1.9975
         0    1.6000    1.9996
         0    1.7000    1.9917
         0    1.8000    1.9738
         0    1.9000    1.9463
         0    2.0000    1.9093
         0    2.1000    1.8632
         0    2.2000    1.8085
         0    2.3000    1.7457
         0    2.4000    1.6755
         0    2.5000    1.5985
         0    2.6000    1.5155
         0    2.7000    1.4274
         0    2.8000    1.3350
         0    2.9000    1.2392
         0    3.0000    1.1411
         0    3.1000    1.0416
         0    3.2000    0.9416
         0    3.3000    0.8423
         0    3.4000    0.7445
         0    3.5000    0.6492
         0    3.6000    0.5575
         0    3.7000    0.4702
         0    3.8000    0.3881
         0    3.9000    0.3122
         0    4.0000    0.2432
         0    4.1000    0.1817
         0    4.2000    0.1284
         0    4.3000    0.0838
         0    4.4000    0.0484
         0    4.5000    0.0225
         0    4.6000    0.0063
         0    4.7000    0.0001
         0    4.8000    0.0038
         0    4.9000    0.0175
         0    5.0000    0.0411
    0.1000         0    0.9950
    0.1000    0.1000    1.0948
    0.1000    0.2000    1.1937
    0.1000    0.3000    1.2905
    0.1000    0.4000    1.3844
    0.1000    0.5000    1.4744
    0.1000    0.6000    1.5596
    0.1000    0.7000    1.6392
    0.1000    0.8000    1.7124
    0.1000    0.9000    1.7783
    0.1000    1.0000    1.8365
    0.1000    1.1000    1.8862
    0.1000    1.2000    1.9270
    0.1000    1.3000    1.9586
    0.1000    1.4000    1.9805
    0.1000    1.5000    1.9925
    0.1000    1.6000    1.9946
    0.1000    1.7000    1.9867
    0.1000    1.8000    1.9689
    0.1000    1.9000    1.9413
    0.1000    2.0000    1.9043
    0.1000    2.1000    1.8582
    0.1000    2.2000    1.8035
    0.1000    2.3000    1.7407
    0.1000    2.4000    1.6705
    0.1000    2.5000    1.5935
    0.1000    2.6000    1.5105
    0.1000    2.7000    1.4224
    0.1000    2.8000    1.3300
    0.1000    2.9000    1.2343
    0.1000    3.0000    1.1361
    0.1000    3.1000    1.0366
    0.1000    3.2000    0.9366
    0.1000    3.3000    0.8373
    0.1000    3.4000    0.7395
    0.1000    3.5000    0.6442
    0.1000    3.6000    0.5525
    0.1000    3.7000    0.4652
    0.1000    3.8000    0.3831
    0.1000    3.9000    0.3072
    0.1000    4.0000    0.2382
    0.1000    4.1000    0.1767
    0.1000    4.2000    0.1234
    0.1000    4.3000    0.0788
    0.1000    4.4000    0.0434
    0.1000    4.5000    0.0175
    0.1000    4.6000    0.0013
    0.1000    4.7000   -0.0049
    0.1000    4.8000   -0.0012
    0.1000    4.9000    0.0126
    0.1000    5.0000    0.0361
    0.2000         0    0.9801
    0.2000    0.1000    1.0799
    0.2000    0.2000    1.1787
    0.2000    0.3000    1.2756
    0.2000    0.4000    1.3695
    0.2000    0.5000    1.4595
    0.2000    0.6000    1.5447
    0.2000    0.7000    1.6243
    0.2000    0.8000    1.6974
    0.2000    0.9000    1.7634
    0.2000    1.0000    1.8215
    0.2000    1.1000    1.8713
    0.2000    1.2000    1.9121
    0.2000    1.3000    1.9436
    0.2000    1.4000    1.9655
    0.2000    1.5000    1.9776
    0.2000    1.6000    1.9796
    0.2000    1.7000    1.9717
    0.2000    1.8000    1.9539
    0.2000    1.9000    1.9264
    0.2000    2.0000    1.8894
    0.2000    2.1000    1.8433
    0.2000    2.2000    1.7886
    0.2000    2.3000    1.7258
    0.2000    2.4000    1.6555
    0.2000    2.5000    1.5785
    0.2000    2.6000    1.4956
    0.2000    2.7000    1.4074
    0.2000    2.8000    1.3151
    0.2000    2.9000    1.2193
    0.2000    3.0000    1.1212
    0.2000    3.1000    1.0216
    0.2000    3.2000    0.9217
    0.2000    3.3000    0.8223
    0.2000    3.4000    0.7245
    0.2000    3.5000    0.6293
    0.2000    3.6000    0.5375
    0.2000    3.7000    0.4502
    0.2000    3.8000    0.3682
    0.2000    3.9000    0.2923
    0.2000    4.0000    0.2233
    0.2000    4.1000    0.1618
    0.2000    4.2000    0.1085
    0.2000    4.3000    0.0639
    0.2000    4.4000    0.0285
    0.2000    4.5000    0.0025
    0.2000    4.6000   -0.0136
    0.2000    4.7000   -0.0199
    0.2000    4.8000   -0.0161
    0.2000    4.9000   -0.0024
    0.2000    5.0000    0.0211
    0.3000         0    0.9553
    0.3000    0.1000    1.0552
    0.3000    0.2000    1.1540
    0.3000    0.3000    1.2509
    0.3000    0.4000    1.3448
    0.3000    0.5000    1.4348
    0.3000    0.6000    1.5200
    0.3000    0.7000    1.5996
    0.3000    0.8000    1.6727
    0.3000    0.9000    1.7387
    0.3000    1.0000    1.7968
    0.3000    1.1000    1.8465
    0.3000    1.2000    1.8874
    0.3000    1.3000    1.9189
    0.3000    1.4000    1.9408
    0.3000    1.5000    1.9528
    0.3000    1.6000    1.9549
    0.3000    1.7000    1.9470
    0.3000    1.8000    1.9292
    0.3000    1.9000    1.9016
    0.3000    2.0000    1.8646
    0.3000    2.1000    1.8185
    0.3000    2.2000    1.7638
    0.3000    2.3000    1.7010
    0.3000    2.4000    1.6308
    0.3000    2.5000    1.5538
    0.3000    2.6000    1.4708
    0.3000    2.7000    1.3827
    0.3000    2.8000    1.2903
    0.3000    2.9000    1.1946
    0.3000    3.0000    1.0965
    0.3000    3.1000    0.9969
    0.3000    3.2000    0.8970
    0.3000    3.3000    0.7976
    0.3000    3.4000    0.6998
    0.3000    3.5000    0.6046
    0.3000    3.6000    0.5128
    0.3000    3.7000    0.4255
    0.3000    3.8000    0.3435
    0.3000    3.9000    0.2676
    0.3000    4.0000    0.1985
    0.3000    4.1000    0.1371
    0.3000    4.2000    0.0838
    0.3000    4.3000    0.0392
    0.3000    4.4000    0.0037
    0.3000    4.5000   -0.0222
    0.3000    4.6000   -0.0384
    0.3000    4.7000   -0.0446
    0.3000    4.8000   -0.0408
    0.3000    4.9000   -0.0271
    0.3000    5.0000   -0.0036
    0.4000         0    0.9211
    0.4000    0.1000    1.0209
    0.4000    0.2000    1.1197
    0.4000    0.3000    1.2166
    0.4000    0.4000    1.3105
    0.4000    0.5000    1.4005
    0.4000    0.6000    1.4857
    0.4000    0.7000    1.5653
    0.4000    0.8000    1.6384
    0.4000    0.9000    1.7044
    0.4000    1.0000    1.7625
    0.4000    1.1000    1.8123
    0.4000    1.2000    1.8531
    0.4000    1.3000    1.8846
    0.4000    1.4000    1.9065
    0.4000    1.5000    1.9186
    0.4000    1.6000    1.9206
    0.4000    1.7000    1.9127
    0.4000    1.8000    1.8949
    0.4000    1.9000    1.8674
    0.4000    2.0000    1.8304
    0.4000    2.1000    1.7843
    0.4000    2.2000    1.7296
    0.4000    2.3000    1.6668
    0.4000    2.4000    1.5965
    0.4000    2.5000    1.5195
    0.4000    2.6000    1.4366
    0.4000    2.7000    1.3484
    0.4000    2.8000    1.2560
    0.4000    2.9000    1.1603
    0.4000    3.0000    1.0622
    0.4000    3.1000    0.9626
    0.4000    3.2000    0.8627
    0.4000    3.3000    0.7633
    0.4000    3.4000    0.6655
    0.4000    3.5000    0.5703
    0.4000    3.6000    0.4785
    0.4000    3.7000    0.3912
    0.4000    3.8000    0.3092
    0.4000    3.9000    0.2333
    0.4000    4.0000    0.1643
    0.4000    4.1000    0.1028
    0.4000    4.2000    0.0495
    0.4000    4.3000    0.0049
    0.4000    4.4000   -0.0305
    0.4000    4.5000   -0.0565
    0.4000    4.6000   -0.0726
    0.4000    4.7000   -0.0789
    0.4000    4.8000   -0.0751
    0.4000    4.9000   -0.0614
    0.4000    5.0000   -0.0379
    0.5000         0    0.8776
    0.5000    0.1000    0.9774
    0.5000    0.2000    1.0763
    0.5000    0.3000    1.1731
    0.5000    0.4000    1.2670
    0.5000    0.5000    1.3570
    0.5000    0.6000    1.4422
    0.5000    0.7000    1.5218
    0.5000    0.8000    1.5949
    0.5000    0.9000    1.6609
    0.5000    1.0000    1.7191
    0.5000    1.1000    1.7688
    0.5000    1.2000    1.8096
    0.5000    1.3000    1.8411
    0.5000    1.4000    1.8630
    0.5000    1.5000    1.8751
    0.5000    1.6000    1.8772
    0.5000    1.7000    1.8692
    0.5000    1.8000    1.8514
    0.5000    1.9000    1.8239
    0.5000    2.0000    1.7869
    0.5000    2.1000    1.7408
    0.5000    2.2000    1.6861
    0.5000    2.3000    1.6233
    0.5000    2.4000    1.5530
    0.5000    2.5000    1.4761
    0.5000    2.6000    1.3931
    0.5000    2.7000    1.3050
    0.5000    2.8000    1.2126
    0.5000    2.9000    1.1168
    0.5000    3.0000    1.0187
    0.5000    3.1000    0.9192
    0.5000    3.2000    0.8192
    0.5000    3.3000    0.7198
    0.5000    3.4000    0.6220
    0.5000    3.5000    0.5268
    0.5000    3.6000    0.4351
    0.5000    3.7000    0.3477
    0.5000    3.8000    0.2657
    0.5000    3.9000    0.1898
    0.5000    4.0000    0.1208
    0.5000    4.1000    0.0593
    0.5000    4.2000    0.0060
    0.5000    4.3000   -0.0386
    0.5000    4.4000   -0.0740
    0.5000    4.5000   -0.0999
    0.5000    4.6000   -0.1161
    0.5000    4.7000   -0.1223
    0.5000    4.8000   -0.1186
    0.5000    4.9000   -0.1049
    0.5000    5.0000   -0.0813
    0.6000         0    0.8253
    0.6000    0.1000    0.9252
    0.6000    0.2000    1.0240
    0.6000    0.3000    1.1209
    0.6000    0.4000    1.2148
    0.6000    0.5000    1.3048
    0.6000    0.6000    1.3900
    0.6000    0.7000    1.4696
    0.6000    0.8000    1.5427
    0.6000    0.9000    1.6087
    0.6000    1.0000    1.6668
    0.6000    1.1000    1.7165
    0.6000    1.2000    1.7574
    0.6000    1.3000    1.7889
    0.6000    1.4000    1.8108
    0.6000    1.5000    1.8228
    0.6000    1.6000    1.8249
    0.6000    1.7000    1.8170
    0.6000    1.8000    1.7992
    0.6000    1.9000    1.7716
    0.6000    2.0000    1.7346
    0.6000    2.1000    1.6885
    0.6000    2.2000    1.6338
    0.6000    2.3000    1.5710
    0.6000    2.4000    1.5008
    0.6000    2.5000    1.4238
    0.6000    2.6000    1.3408
    0.6000    2.7000    1.2527
    0.6000    2.8000    1.1603
    0.6000    2.9000    1.0646
    0.6000    3.0000    0.9665
    0.6000    3.1000    0.8669
    0.6000    3.2000    0.7670
    0.6000    3.3000    0.6676
    0.6000    3.4000    0.5698
    0.6000    3.5000    0.4746
    0.6000    3.6000    0.3828
    0.6000    3.7000    0.2955
    0.6000    3.8000    0.2135
    0.6000    3.9000    0.1376
    0.6000    4.0000    0.0685
    0.6000    4.1000    0.0071
    0.6000    4.2000   -0.0462
    0.6000    4.3000   -0.0908
    0.6000    4.4000   -0.1263
    0.6000    4.5000   -0.1522
    0.6000    4.6000   -0.1684
    0.6000    4.7000   -0.1746
    0.6000    4.8000   -0.1708
    0.6000    4.9000   -0.1571
    0.6000    5.0000   -0.1336
    0.7000         0    0.7648
    0.7000    0.1000    0.8647
    0.7000    0.2000    0.9635
    0.7000    0.3000    1.0604
    0.7000    0.4000    1.1543
    0.7000    0.5000    1.2443
    0.7000    0.6000    1.3295
    0.7000    0.7000    1.4091
    0.7000    0.8000    1.4822
    0.7000    0.9000    1.5482
    0.7000    1.0000    1.6063
    0.7000    1.1000    1.6560
    0.7000    1.2000    1.6969
    0.7000    1.3000    1.7284
    0.7000    1.4000    1.7503
    0.7000    1.5000    1.7623
    0.7000    1.6000    1.7644
    0.7000    1.7000    1.7565
    0.7000    1.8000    1.7387
    0.7000    1.9000    1.7111
    0.7000    2.0000    1.6741
    0.7000    2.1000    1.6281
    0.7000    2.2000    1.5733
    0.7000    2.3000    1.5105
    0.7000    2.4000    1.4403
    0.7000    2.5000    1.3633
    0.7000    2.6000    1.2803
    0.7000    2.7000    1.1922
    0.7000    2.8000    1.0998
    0.7000    2.9000    1.0041
    0.7000    3.0000    0.9060
    0.7000    3.1000    0.8064
    0.7000    3.2000    0.7065
    0.7000    3.3000    0.6071
    0.7000    3.4000    0.5093
    0.7000    3.5000    0.4141
    0.7000    3.6000    0.3223
    0.7000    3.7000    0.2350
    0.7000    3.8000    0.1530
    0.7000    3.9000    0.0771
    0.7000    4.0000    0.0080
    0.7000    4.1000   -0.0534
    0.7000    4.2000   -0.1067
    0.7000    4.3000   -0.1513
    0.7000    4.4000   -0.1868
    0.7000    4.5000   -0.2127
    0.7000    4.6000   -0.2288
    0.7000    4.7000   -0.2351
    0.7000    4.8000   -0.2313
    0.7000    4.9000   -0.2176
    0.7000    5.0000   -0.1941
    0.8000         0    0.6967
    0.8000    0.1000    0.7965
    0.8000    0.2000    0.8954
    0.8000    0.3000    0.9922
    0.8000    0.4000    1.0861
    0.8000    0.5000    1.1761
    0.8000    0.6000    1.2613
    0.8000    0.7000    1.3409
    0.8000    0.8000    1.4141
    0.8000    0.9000    1.4800
    0.8000    1.0000    1.5382
    0.8000    1.1000    1.5879
    0.8000    1.2000    1.6287
    0.8000    1.3000    1.6603
    0.8000    1.4000    1.6822
    0.8000    1.5000    1.6942
    0.8000    1.6000    1.6963
    0.8000    1.7000    1.6884
    0.8000    1.8000    1.6706
    0.8000    1.9000    1.6430
    0.8000    2.0000    1.6060
    0.8000    2.1000    1.5599
    0.8000    2.2000    1.5052
    0.8000    2.3000    1.4424
    0.8000    2.4000    1.3722
    0.8000    2.5000    1.2952
    0.8000    2.6000    1.2122
    0.8000    2.7000    1.1241
    0.8000    2.8000    1.0317
    0.8000    2.9000    0.9360
    0.8000    3.0000    0.8378
    0.8000    3.1000    0.7383
    0.8000    3.2000    0.6383
    0.8000    3.3000    0.5390
    0.8000    3.4000    0.4412
    0.8000    3.5000    0.3459
    0.8000    3.6000    0.2542
    0.8000    3.7000    0.1669
    0.8000    3.8000    0.0848
    0.8000    3.9000    0.0089
    0.8000    4.0000   -0.0601
    0.8000    4.1000   -0.1216
    0.8000    4.2000   -0.1749
    0.8000    4.3000   -0.2195
    0.8000    4.4000   -0.2549
    0.8000    4.5000   -0.2808
    0.8000    4.6000   -0.2970
    0.8000    4.7000   -0.3032
    0.8000    4.8000   -0.2995
    0.8000    4.9000   -0.2857
    0.8000    5.0000   -0.2622
    0.9000         0    0.6216
    0.9000    0.1000    0.7214
    0.9000    0.2000    0.8203
    0.9000    0.3000    0.9171
    0.9000    0.4000    1.0110
    0.9000    0.5000    1.1010
    0.9000    0.6000    1.1863
    0.9000    0.7000    1.2658
    0.9000    0.8000    1.3390
    0.9000    0.9000    1.4049
    0.9000    1.0000    1.4631
    0.9000    1.1000    1.5128
    0.9000    1.2000    1.5536
    0.9000    1.3000    1.5852
    0.9000    1.4000    1.6071
    0.9000    1.5000    1.6191
    0.9000    1.6000    1.6212
    0.9000    1.7000    1.6133
    0.9000    1.8000    1.5955
    0.9000    1.9000    1.5679
    0.9000    2.0000    1.5309
    0.9000    2.1000    1.4848
    0.9000    2.2000    1.4301
    0.9000    2.3000    1.3673
    0.9000    2.4000    1.2971
    0.9000    2.5000    1.2201
    0.9000    2.6000    1.1371
    0.9000    2.7000    1.0490
    0.9000    2.8000    0.9566
    0.9000    2.9000    0.8609
    0.9000    3.0000    0.7627
    0.9000    3.1000    0.6632
    0.9000    3.2000    0.5632
    0.9000    3.3000    0.4639
    0.9000    3.4000    0.3661
    0.9000    3.5000    0.2708
    0.9000    3.6000    0.1791
    0.9000    3.7000    0.0918
    0.9000    3.8000    0.0098
    0.9000    3.9000   -0.0662
    0.9000    4.0000   -0.1352
    0.9000    4.1000   -0.1967
    0.9000    4.2000   -0.2500
    0.9000    4.3000   -0.2946
    0.9000    4.4000   -0.3300
    0.9000    4.5000   -0.3559
    0.9000    4.6000   -0.3721
    0.9000    4.7000   -0.3783
    0.9000    4.8000   -0.3746
    0.9000    4.9000   -0.3608
    0.9000    5.0000   -0.3373
    1.0000         0    0.5403
    1.0000    0.1000    0.6401
    1.0000    0.2000    0.7390
    1.0000    0.3000    0.8358
    1.0000    0.4000    0.9297
    1.0000    0.5000    1.0197
    1.0000    0.6000    1.1049
    1.0000    0.7000    1.1845
    1.0000    0.8000    1.2577
    1.0000    0.9000    1.3236
    1.0000    1.0000    1.3818
    1.0000    1.1000    1.4315
    1.0000    1.2000    1.4723
    1.0000    1.3000    1.5039
    1.0000    1.4000    1.5258
    1.0000    1.5000    1.5378
    1.0000    1.6000    1.5399
    1.0000    1.7000    1.5320
    1.0000    1.8000    1.5141
    1.0000    1.9000    1.4866
    1.0000    2.0000    1.4496
    1.0000    2.1000    1.4035
    1.0000    2.2000    1.3488
    1.0000    2.3000    1.2860
    1.0000    2.4000    1.2158
    1.0000    2.5000    1.1388
    1.0000    2.6000    1.0558
    1.0000    2.7000    0.9677
    1.0000    2.8000    0.8753
    1.0000    2.9000    0.7796
    1.0000    3.0000    0.6814
    1.0000    3.1000    0.5819
    1.0000    3.2000    0.4819
    1.0000    3.3000    0.3826
    1.0000    3.4000    0.2848
    1.0000    3.5000    0.1895
    1.0000    3.6000    0.0978
    1.0000    3.7000    0.0105
    1.0000    3.8000   -0.0716
    1.0000    3.9000   -0.1475
    1.0000    4.0000   -0.2165
    1.0000    4.1000   -0.2780
    1.0000    4.2000   -0.3313
    1.0000    4.3000   -0.3759
    1.0000    4.4000   -0.4113
    1.0000    4.5000   -0.4372
    1.0000    4.6000   -0.4534
    1.0000    4.7000   -0.4596
    1.0000    4.8000   -0.4559
    1.0000    4.9000   -0.4422
    1.0000    5.0000   -0.4186
    1.1000         0    0.4536
    1.1000    0.1000    0.5534
    1.1000    0.2000    0.6523
    1.1000    0.3000    0.7491
    1.1000    0.4000    0.8430
    1.1000    0.5000    0.9330
    1.1000    0.6000    1.0182
    1.1000    0.7000    1.0978
    1.1000    0.8000    1.1710
    1.1000    0.9000    1.2369
    1.1000    1.0000    1.2951
    1.1000    1.1000    1.3448
    1.1000    1.2000    1.3856
    1.1000    1.3000    1.4172
    1.1000    1.4000    1.4390
    1.1000    1.5000    1.4511
    1.1000    1.6000    1.4532
    1.1000    1.7000    1.4453
    1.1000    1.8000    1.4274
    1.1000    1.9000    1.3999
    1.1000    2.0000    1.3629
    1.1000    2.1000    1.3168
    1.1000    2.2000    1.2621
    1.1000    2.3000    1.1993
    1.1000    2.4000    1.1291
    1.1000    2.5000    1.0521
    1.1000    2.6000    0.9691
    1.1000    2.7000    0.8810
    1.1000    2.8000    0.7886
    1.1000    2.9000    0.6928
    1.1000    3.0000    0.5947
    1.1000    3.1000    0.4952
    1.1000    3.2000    0.3952
    1.1000    3.3000    0.2959
    1.1000    3.4000    0.1981
    1.1000    3.5000    0.1028
    1.1000    3.6000    0.0111
    1.1000    3.7000   -0.0762
    1.1000    3.8000   -0.1583
    1.1000    3.9000   -0.2342
    1.1000    4.0000   -0.3032
    1.1000    4.1000   -0.3647
    1.1000    4.2000   -0.4180
    1.1000    4.3000   -0.4626
    1.1000    4.4000   -0.4980
    1.1000    4.5000   -0.5239
    1.1000    4.6000   -0.5401
    1.1000    4.7000   -0.5463
    1.1000    4.8000   -0.5426
    1.1000    4.9000   -0.5289
    1.1000    5.0000   -0.5053
    1.2000         0    0.3624
    1.2000    0.1000    0.4622
    1.2000    0.2000    0.5610
    1.2000    0.3000    0.6579
    1.2000    0.4000    0.7518
    1.2000    0.5000    0.8418
    1.2000    0.6000    0.9270
    1.2000    0.7000    1.0066
    1.2000    0.8000    1.0797
    1.2000    0.9000    1.1457
    1.2000    1.0000    1.2038
    1.2000    1.1000    1.2536
    1.2000    1.2000    1.2944
    1.2000    1.3000    1.3259
    1.2000    1.4000    1.3478
    1.2000    1.5000    1.3599
    1.2000    1.6000    1.3619
    1.2000    1.7000    1.3540
    1.2000    1.8000    1.3362
    1.2000    1.9000    1.3087
    1.2000    2.0000    1.2717
    1.2000    2.1000    1.2256
    1.2000    2.2000    1.1709
    1.2000    2.3000    1.1081
    1.2000    2.4000    1.0378
    1.2000    2.5000    0.9608
    1.2000    2.6000    0.8779
    1.2000    2.7000    0.7897
    1.2000    2.8000    0.6973
    1.2000    2.9000    0.6016
    1.2000    3.0000    0.5035
    1.2000    3.1000    0.4039
    1.2000    3.2000    0.3040
    1.2000    3.3000    0.2046
    1.2000    3.4000    0.1068
    1.2000    3.5000    0.0116
    1.2000    3.6000   -0.0802
    1.2000    3.7000   -0.1675
    1.2000    3.8000   -0.2495
    1.2000    3.9000   -0.3254
    1.2000    4.0000   -0.3944
    1.2000    4.1000   -0.4559
    1.2000    4.2000   -0.5092
    1.2000    4.3000   -0.5538
    1.2000    4.4000   -0.5892
    1.2000    4.5000   -0.6152
    1.2000    4.6000   -0.6313
    1.2000    4.7000   -0.6376
    1.2000    4.8000   -0.6338
    1.2000    4.9000   -0.6201
    1.2000    5.0000   -0.5966
    1.3000         0    0.2675
    1.3000    0.1000    0.3673
    1.3000    0.2000    0.4662
    1.3000    0.3000    0.5630
    1.3000    0.4000    0.6569
    1.3000    0.5000    0.7469
    1.3000    0.6000    0.8321
    1.3000    0.7000    0.9117
    1.3000    0.8000    0.9849
    1.3000    0.9000    1.0508
    1.3000    1.0000    1.1090
    1.3000    1.1000    1.1587
    1.3000    1.2000    1.1995
    1.3000    1.3000    1.2311
    1.3000    1.4000    1.2529
    1.3000    1.5000    1.2650
    1.3000    1.6000    1.2671
    1.3000    1.7000    1.2592
    1.3000    1.8000    1.2413
    1.3000    1.9000    1.2138
    1.3000    2.0000    1.1768
    1.3000    2.1000    1.1307
    1.3000    2.2000    1.0760
    1.3000    2.3000    1.0132
    1.3000    2.4000    0.9430
    1.3000    2.5000    0.8660
    1.3000    2.6000    0.7830
    1.3000    2.7000    0.6949
    1.3000    2.8000    0.6025
    1.3000    2.9000    0.5067
    1.3000    3.0000    0.4086
    1.3000    3.1000    0.3091
    1.3000    3.2000    0.2091
    1.3000    3.3000    0.1098
    1.3000    3.4000    0.0120
    1.3000    3.5000   -0.0833
    1.3000    3.6000   -0.1750
    1.3000    3.7000   -0.2623
    1.3000    3.8000   -0.3444
    1.3000    3.9000   -0.4203
    1.3000    4.0000   -0.4893
    1.3000    4.1000   -0.5508
    1.3000    4.2000   -0.6041
    1.3000    4.3000   -0.6487
    1.3000    4.4000   -0.6841
    1.3000    4.5000   -0.7100
    1.3000    4.6000   -0.7262
    1.3000    4.7000   -0.7324
    1.3000    4.8000   -0.7287
    1.3000    4.9000   -0.7150
    1.3000    5.0000   -0.6914
    1.4000         0    0.1700
    1.4000    0.1000    0.2698
    1.4000    0.2000    0.3686
    1.4000    0.3000    0.4655
    1.4000    0.4000    0.5594
    1.4000    0.5000    0.6494
    1.4000    0.6000    0.7346
    1.4000    0.7000    0.8142
    1.4000    0.8000    0.8873
    1.4000    0.9000    0.9533
    1.4000    1.0000    1.0114
    1.4000    1.1000    1.0612
    1.4000    1.2000    1.1020
    1.4000    1.3000    1.1335
    1.4000    1.4000    1.1554
    1.4000    1.5000    1.1675
    1.4000    1.6000    1.1695
    1.4000    1.7000    1.1616
    1.4000    1.8000    1.1438
    1.4000    1.9000    1.1163
    1.4000    2.0000    1.0793
    1.4000    2.1000    1.0332
    1.4000    2.2000    0.9785
    1.4000    2.3000    0.9157
    1.4000    2.4000    0.8454
    1.4000    2.5000    0.7684
    1.4000    2.6000    0.6855
    1.4000    2.7000    0.5973
    1.4000    2.8000    0.5050
    1.4000    2.9000    0.4092
    1.4000    3.0000    0.3111
    1.4000    3.1000    0.2115
    1.4000    3.2000    0.1116
    1.4000    3.3000    0.0122
    1.4000    3.4000   -0.0856
    1.4000    3.5000   -0.1808
    1.4000    3.6000   -0.2726
    1.4000    3.7000   -0.3599
    1.4000    3.8000   -0.4419
    1.4000    3.9000   -0.5178
    1.4000    4.0000   -0.5868
    1.4000    4.1000   -0.6483
    1.4000    4.2000   -0.7016
    1.4000    4.3000   -0.7462
    1.4000    4.4000   -0.7816
    1.4000    4.5000   -0.8076
    1.4000    4.6000   -0.8237
    1.4000    4.7000   -0.8300
    1.4000    4.8000   -0.8262
    1.4000    4.9000   -0.8125
    1.4000    5.0000   -0.7890
    1.5000         0    0.0707
    1.5000    0.1000    0.1706
    1.5000    0.2000    0.2694
    1.5000    0.3000    0.3663
    1.5000    0.4000    0.4602
    1.5000    0.5000    0.5502
    1.5000    0.6000    0.6354
    1.5000    0.7000    0.7150
    1.5000    0.8000    0.7881
    1.5000    0.9000    0.8541
    1.5000    1.0000    0.9122
    1.5000    1.1000    0.9619
    1.5000    1.2000    1.0028
    1.5000    1.3000    1.0343
    1.5000    1.4000    1.0562
    1.5000    1.5000    1.0682
    1.5000    1.6000    1.0703
    1.5000    1.7000    1.0624
    1.5000    1.8000    1.0446
    1.5000    1.9000    1.0170
    1.5000    2.0000    0.9800
    1.5000    2.1000    0.9339
    1.5000    2.2000    0.8792
    1.5000    2.3000    0.8164
    1.5000    2.4000    0.7462
    1.5000    2.5000    0.6692
    1.5000    2.6000    0.5862
    1.5000    2.7000    0.4981
    1.5000    2.8000    0.4057
    1.5000    2.9000    0.3100
    1.5000    3.0000    0.2119
    1.5000    3.1000    0.1123
    1.5000    3.2000    0.0124
    1.5000    3.3000   -0.0870
    1.5000    3.4000   -0.1848
    1.5000    3.5000   -0.2800
    1.5000    3.6000   -0.3718
    1.5000    3.7000   -0.4591
    1.5000    3.8000   -0.5411
    1.5000    3.9000   -0.6170
    1.5000    4.0000   -0.6861
    1.5000    4.1000   -0.7475
    1.5000    4.2000   -0.8008
    1.5000    4.3000   -0.8454
    1.5000    4.4000   -0.8809
    1.5000    4.5000   -0.9068
    1.5000    4.6000   -0.9230
    1.5000    4.7000   -0.9292
    1.5000    4.8000   -0.9254
    1.5000    4.9000   -0.9117
    1.5000    5.0000   -0.8882
    1.6000         0   -0.0292
    1.6000    0.1000    0.0706
    1.6000    0.2000    0.1695
    1.6000    0.3000    0.2663
    1.6000    0.4000    0.3602
    1.6000    0.5000    0.4502
    1.6000    0.6000    0.5354
    1.6000    0.7000    0.6150
    1.6000    0.8000    0.6882
    1.6000    0.9000    0.7541
    1.6000    1.0000    0.8123
    1.6000    1.1000    0.8620
    1.6000    1.2000    0.9028
    1.6000    1.3000    0.9344
    1.6000    1.4000    0.9563
    1.6000    1.5000    0.9683
    1.6000    1.6000    0.9704
    1.6000    1.7000    0.9625
    1.6000    1.8000    0.9446
    1.6000    1.9000    0.9171
    1.6000    2.0000    0.8801
    1.6000    2.1000    0.8340
    1.6000    2.2000    0.7793
    1.6000    2.3000    0.7165
    1.6000    2.4000    0.6463
    1.6000    2.5000    0.5693
    1.6000    2.6000    0.4863
    1.6000    2.7000    0.3982
    1.6000    2.8000    0.3058
    1.6000    2.9000    0.2100
    1.6000    3.0000    0.1119
    1.6000    3.1000    0.0124
    1.6000    3.2000   -0.0876
    1.6000    3.3000   -0.1869
    1.6000    3.4000   -0.2847
    1.6000    3.5000   -0.3800
    1.6000    3.6000   -0.4717
    1.6000    3.7000   -0.5590
    1.6000    3.8000   -0.6411
    1.6000    3.9000   -0.7170
    1.6000    4.0000   -0.7860
    1.6000    4.1000   -0.8475
    1.6000    4.2000   -0.9008
    1.6000    4.3000   -0.9454
    1.6000    4.4000   -0.9808
    1.6000    4.5000   -1.0067
    1.6000    4.6000   -1.0229
    1.6000    4.7000   -1.0291
    1.6000    4.8000   -1.0254
    1.6000    4.9000   -1.0117
    1.6000    5.0000   -0.9881
    1.7000         0   -0.1288
    1.7000    0.1000   -0.0290
    1.7000    0.2000    0.0698
    1.7000    0.3000    0.1667
    1.7000    0.4000    0.2606
    1.7000    0.5000    0.3506
    1.7000    0.6000    0.4358
    1.7000    0.7000    0.5154
    1.7000    0.8000    0.5885
    1.7000    0.9000    0.6545
    1.7000    1.0000    0.7126
    1.7000    1.1000    0.7624
    1.7000    1.2000    0.8032
    1.7000    1.3000    0.8347
    1.7000    1.4000    0.8566
    1.7000    1.5000    0.8687
    1.7000    1.6000    0.8707
    1.7000    1.7000    0.8628
    1.7000    1.8000    0.8450
    1.7000    1.9000    0.8175
    1.7000    2.0000    0.7805
    1.7000    2.1000    0.7344
    1.7000    2.2000    0.6797
    1.7000    2.3000    0.6169
    1.7000    2.4000    0.5466
    1.7000    2.5000    0.4696
    1.7000    2.6000    0.3867
    1.7000    2.7000    0.2985
    1.7000    2.8000    0.2061
    1.7000    2.9000    0.1104
    1.7000    3.0000    0.0123
    1.7000    3.1000   -0.0873
    1.7000    3.2000   -0.1872
    1.7000    3.3000   -0.2866
    1.7000    3.4000   -0.3844
    1.7000    3.5000   -0.4796
    1.7000    3.6000   -0.5714
    1.7000    3.7000   -0.6587
    1.7000    3.8000   -0.7407
    1.7000    3.9000   -0.8166
    1.7000    4.0000   -0.8856
    1.7000    4.1000   -0.9471
    1.7000    4.2000   -1.0004
    1.7000    4.3000   -1.0450
    1.7000    4.4000   -1.0804
    1.7000    4.5000   -1.1064
    1.7000    4.6000   -1.1225
    1.7000    4.7000   -1.1288
    1.7000    4.8000   -1.1250
    1.7000    4.9000   -1.1113
    1.7000    5.0000   -1.0878
    1.8000         0   -0.2272
    1.8000    0.1000   -0.1274
    1.8000    0.2000   -0.0285
    1.8000    0.3000    0.0683
    1.8000    0.4000    0.1622
    1.8000    0.5000    0.2522
    1.8000    0.6000    0.3374
    1.8000    0.7000    0.4170
    1.8000    0.8000    0.4902
    1.8000    0.9000    0.5561
    1.8000    1.0000    0.6143
    1.8000    1.1000    0.6640
    1.8000    1.2000    0.7048
    1.8000    1.3000    0.7364
    1.8000    1.4000    0.7582
    1.8000    1.5000    0.7703
    1.8000    1.6000    0.7724
    1.8000    1.7000    0.7645
    1.8000    1.8000    0.7466
    1.8000    1.9000    0.7191
    1.8000    2.0000    0.6821
    1.8000    2.1000    0.6360
    1.8000    2.2000    0.5813
    1.8000    2.3000    0.5185
    1.8000    2.4000    0.4483
    1.8000    2.5000    0.3713
    1.8000    2.6000    0.2883
    1.8000    2.7000    0.2002
    1.8000    2.8000    0.1078
    1.8000    2.9000    0.0120
    1.8000    3.0000   -0.0861
    1.8000    3.1000   -0.1856
    1.8000    3.2000   -0.2856
    1.8000    3.3000   -0.3849
    1.8000    3.4000   -0.4827
    1.8000    3.5000   -0.5780
    1.8000    3.6000   -0.6697
    1.8000    3.7000   -0.7570
    1.8000    3.8000   -0.8391
    1.8000    3.9000   -0.9150
    1.8000    4.0000   -0.9840
    1.8000    4.1000   -1.0455
    1.8000    4.2000   -1.0988
    1.8000    4.3000   -1.1434
    1.8000    4.4000   -1.1788
    1.8000    4.5000   -1.2047
    1.8000    4.6000   -1.2209
    1.8000    4.7000   -1.2271
    1.8000    4.8000   -1.2234
    1.8000    4.9000   -1.2097
    1.8000    5.0000   -1.1861
    1.9000         0   -0.3233
    1.9000    0.1000   -0.2235
    1.9000    0.2000   -0.1246
    1.9000    0.3000   -0.0278
    1.9000    0.4000    0.0661
    1.9000    0.5000    0.1561
    1.9000    0.6000    0.2414
    1.9000    0.7000    0.3209
    1.9000    0.8000    0.3941
    1.9000    0.9000    0.4600
    1.9000    1.0000    0.5182
    1.9000    1.1000    0.5679
    1.9000    1.2000    0.6087
    1.9000    1.3000    0.6403
    1.9000    1.4000    0.6622
    1.9000    1.5000    0.6742
    1.9000    1.6000    0.6763
    1.9000    1.7000    0.6684
    1.9000    1.8000    0.6506
    1.9000    1.9000    0.6230
    1.9000    2.0000    0.5860
    1.9000    2.1000    0.5399
    1.9000    2.2000    0.4852
    1.9000    2.3000    0.4224
    1.9000    2.4000    0.3522
    1.9000    2.5000    0.2752
    1.9000    2.6000    0.1922
    1.9000    2.7000    0.1041
    1.9000    2.8000    0.0117
    1.9000    2.9000   -0.0840
    1.9000    3.0000   -0.1822
    1.9000    3.1000   -0.2817
    1.9000    3.2000   -0.3817
    1.9000    3.3000   -0.4810
    1.9000    3.4000   -0.5788
    1.9000    3.5000   -0.6741
    1.9000    3.6000   -0.7658
    1.9000    3.7000   -0.8531
    1.9000    3.8000   -0.9351
    1.9000    3.9000   -1.0111
    1.9000    4.0000   -1.0801
    1.9000    4.1000   -1.1416
    1.9000    4.2000   -1.1949
    1.9000    4.3000   -1.2395
    1.9000    4.4000   -1.2749
    1.9000    4.5000   -1.3008
    1.9000    4.6000   -1.3170
    1.9000    4.7000   -1.3232
    1.9000    4.8000   -1.3195
    1.9000    4.9000   -1.3057
    1.9000    5.0000   -1.2822
    2.0000         0   -0.4161
    2.0000    0.1000   -0.3163
    2.0000    0.2000   -0.2175
    2.0000    0.3000   -0.1206
    2.0000    0.4000   -0.0267
    2.0000    0.5000    0.0633
    2.0000    0.6000    0.1485
    2.0000    0.7000    0.2281
    2.0000    0.8000    0.3012
    2.0000    0.9000    0.3672
    2.0000    1.0000    0.4253
    2.0000    1.1000    0.4751
    2.0000    1.2000    0.5159
    2.0000    1.3000    0.5474
    2.0000    1.4000    0.5693
    2.0000    1.5000    0.5813
    2.0000    1.6000    0.5834
    2.0000    1.7000    0.5755
    2.0000    1.8000    0.5577
    2.0000    1.9000    0.5302
    2.0000    2.0000    0.4932
    2.0000    2.1000    0.4471
    2.0000    2.2000    0.3923
    2.0000    2.3000    0.3296
    2.0000    2.4000    0.2593
    2.0000    2.5000    0.1823
    2.0000    2.6000    0.0994
    2.0000    2.7000    0.0112
    2.0000    2.8000   -0.0812
    2.0000    2.9000   -0.1769
    2.0000    3.0000   -0.2750
    2.0000    3.1000   -0.3746
    2.0000    3.2000   -0.4745
    2.0000    3.3000   -0.5739
    2.0000    3.4000   -0.6717
    2.0000    3.5000   -0.7669
    2.0000    3.6000   -0.8587
    2.0000    3.7000   -0.9460
    2.0000    3.8000   -1.0280
    2.0000    3.9000   -1.1039
    2.0000    4.0000   -1.1729
    2.0000    4.1000   -1.2344
    2.0000    4.2000   -1.2877
    2.0000    4.3000   -1.3323
    2.0000    4.4000   -1.3677
    2.0000    4.5000   -1.3937
    2.0000    4.6000   -1.4098
    2.0000    4.7000   -1.4161
    2.0000    4.8000   -1.4123
    2.0000    4.9000   -1.3986
    2.0000    5.0000   -1.3751
    2.1000         0   -0.5048
    2.1000    0.1000   -0.4050
    2.1000    0.2000   -0.3062
    2.1000    0.3000   -0.2093
    2.1000    0.4000   -0.1154
    2.1000    0.5000   -0.0254
    2.1000    0.6000    0.0598
    2.1000    0.7000    0.1394
    2.1000    0.8000    0.2125
    2.1000    0.9000    0.2785
    2.1000    1.0000    0.3366
    2.1000    1.1000    0.3864
    2.1000    1.2000    0.4272
    2.1000    1.3000    0.4587
    2.1000    1.4000    0.4806
    2.1000    1.5000    0.4926
    2.1000    1.6000    0.4947
    2.1000    1.7000    0.4868
    2.1000    1.8000    0.4690
    2.1000    1.9000    0.4415
    2.1000    2.0000    0.4045
    2.1000    2.1000    0.3584
    2.1000    2.2000    0.3037
    2.1000    2.3000    0.2409
    2.1000    2.4000    0.1706
    2.1000    2.5000    0.0936
    2.1000    2.6000    0.0107
    2.1000    2.7000   -0.0775
    2.1000    2.8000   -0.1699
    2.1000    2.9000   -0.2656
    2.1000    3.0000   -0.3637
    2.1000    3.1000   -0.4633
    2.1000    3.2000   -0.5632
    2.1000    3.3000   -0.6626
    2.1000    3.4000   -0.7604
    2.1000    3.5000   -0.8556
    2.1000    3.6000   -0.9474
    2.1000    3.7000   -1.0347
    2.1000    3.8000   -1.1167
    2.1000    3.9000   -1.1926
    2.1000    4.0000   -1.2616
    2.1000    4.1000   -1.3231
    2.1000    4.2000   -1.3764
    2.1000    4.3000   -1.4210
    2.1000    4.4000   -1.4564
    2.1000    4.5000   -1.4824
    2.1000    4.6000   -1.4985
    2.1000    4.7000   -1.5048
    2.1000    4.8000   -1.5010
    2.1000    4.9000   -1.4873
    2.1000    5.0000   -1.4638
    2.2000         0   -0.5885
    2.2000    0.1000   -0.4887
    2.2000    0.2000   -0.3898
    2.2000    0.3000   -0.2930
    2.2000    0.4000   -0.1991
    2.2000    0.5000   -0.1091
    2.2000    0.6000   -0.0239
    2.2000    0.7000    0.0557
    2.2000    0.8000    0.1289
    2.2000    0.9000    0.1948
    2.2000    1.0000    0.2530
    2.2000    1.1000    0.3027
    2.2000    1.2000    0.3435
    2.2000    1.3000    0.3751
    2.2000    1.4000    0.3969
    2.2000    1.5000    0.4090
    2.2000    1.6000    0.4111
    2.2000    1.7000    0.4032
    2.2000    1.8000    0.3853
    2.2000    1.9000    0.3578
    2.2000    2.0000    0.3208
    2.2000    2.1000    0.2747
    2.2000    2.2000    0.2200
    2.2000    2.3000    0.1572
    2.2000    2.4000    0.0870
    2.2000    2.5000    0.0100
    2.2000    2.6000   -0.0730
    2.2000    2.7000   -0.1611
    2.2000    2.8000   -0.2535
    2.2000    2.9000   -0.3493
    2.2000    3.0000   -0.4474
    2.2000    3.1000   -0.5469
    2.2000    3.2000   -0.6469
    2.2000    3.3000   -0.7462
    2.2000    3.4000   -0.8440
    2.2000    3.5000   -0.9393
    2.2000    3.6000   -1.0310
    2.2000    3.7000   -1.1183
    2.2000    3.8000   -1.2004
    2.2000    3.9000   -1.2763
    2.2000    4.0000   -1.3453
    2.2000    4.1000   -1.4068
    2.2000    4.2000   -1.4601
    2.2000    4.3000   -1.5047
    2.2000    4.4000   -1.5401
    2.2000    4.5000   -1.5660
    2.2000    4.6000   -1.5822
    2.2000    4.7000   -1.5884
    2.2000    4.8000   -1.5847
    2.2000    4.9000   -1.5710
    2.2000    5.0000   -1.5474
    2.3000         0   -0.6663
    2.3000    0.1000   -0.5664
    2.3000    0.2000   -0.4676
    2.3000    0.3000   -0.3708
    2.3000    0.4000   -0.2769
    2.3000    0.5000   -0.1869
    2.3000    0.6000   -0.1016
    2.3000    0.7000   -0.0221
    2.3000    0.8000    0.0511
    2.3000    0.9000    0.1171
    2.3000    1.0000    0.1752
    2.3000    1.1000    0.2249
    2.3000    1.2000    0.2658
    2.3000    1.3000    0.2973
    2.3000    1.4000    0.3192
    2.3000    1.5000    0.3312
    2.3000    1.6000    0.3333
    2.3000    1.7000    0.3254
    2.3000    1.8000    0.3076
    2.3000    1.9000    0.2800
    2.3000    2.0000    0.2430
    2.3000    2.1000    0.1969
    2.3000    2.2000    0.1422
    2.3000    2.3000    0.0794
    2.3000    2.4000    0.0092
    2.3000    2.5000   -0.0678
    2.3000    2.6000   -0.1508
    2.3000    2.7000   -0.2389
    2.3000    2.8000   -0.3313
    2.3000    2.9000   -0.4270
    2.3000    3.0000   -0.5252
    2.3000    3.1000   -0.6247
    2.3000    3.2000   -0.7247
    2.3000    3.3000   -0.8240
    2.3000    3.4000   -0.9218
    2.3000    3.5000   -1.0171
    2.3000    3.6000   -1.1088
    2.3000    3.7000   -1.1961
    2.3000    3.8000   -1.2781
    2.3000    3.9000   -1.3540
    2.3000    4.0000   -1.4231
    2.3000    4.1000   -1.4846
    2.3000    4.2000   -1.5379
    2.3000    4.3000   -1.5824
    2.3000    4.4000   -1.6179
    2.3000    4.5000   -1.6438
    2.3000    4.6000   -1.6600
    2.3000    4.7000   -1.6662
    2.3000    4.8000   -1.6624
    2.3000    4.9000   -1.6487
    2.3000    5.0000   -1.6252
    2.4000         0   -0.7374
    2.4000    0.1000   -0.6376
    2.4000    0.2000   -0.5387
    2.4000    0.3000   -0.4419
    2.4000    0.4000   -0.3480
    2.4000    0.5000   -0.2580
    2.4000    0.6000   -0.1728
    2.4000    0.7000   -0.0932
    2.4000    0.8000   -0.0200
    2.4000    0.9000    0.0459
    2.4000    1.0000    0.1041
    2.4000    1.1000    0.1538
    2.4000    1.2000    0.1946
    2.4000    1.3000    0.2262
    2.4000    1.4000    0.2481
    2.4000    1.5000    0.2601
    2.4000    1.6000    0.2622
    2.4000    1.7000    0.2543
    2.4000    1.8000    0.2365
    2.4000    1.9000    0.2089
    2.4000    2.0000    0.1719
    2.4000    2.1000    0.1258
    2.4000    2.2000    0.0711
    2.4000    2.3000    0.0083
    2.4000    2.4000   -0.0619
    2.4000    2.5000   -0.1389
    2.4000    2.6000   -0.2219
    2.4000    2.7000   -0.3100
    2.4000    2.8000   -0.4024
    2.4000    2.9000   -0.4981
    2.4000    3.0000   -0.5963
    2.4000    3.1000   -0.6958
    2.4000    3.2000   -0.7958
    2.4000    3.3000   -0.8951
    2.4000    3.4000   -0.9929
    2.4000    3.5000   -1.0882
    2.4000    3.6000   -1.1799
    2.4000    3.7000   -1.2672
    2.4000    3.8000   -1.3493
    2.4000    3.9000   -1.4252
    2.4000    4.0000   -1.4942
    2.4000    4.1000   -1.5557
    2.4000    4.2000   -1.6090
    2.4000    4.3000   -1.6536
    2.4000    4.4000   -1.6890
    2.4000    4.5000   -1.7149
    2.4000    4.6000   -1.7311
    2.4000    4.7000   -1.7373
    2.4000    4.8000   -1.7336
    2.4000    4.9000   -1.7198
    2.4000    5.0000   -1.6963
    2.5000         0   -0.8011
    2.5000    0.1000   -0.7013
    2.5000    0.2000   -0.6025
    2.5000    0.3000   -0.5056
    2.5000    0.4000   -0.4117
    2.5000    0.5000   -0.3217
    2.5000    0.6000   -0.2365
    2.5000    0.7000   -0.1569
    2.5000    0.8000   -0.0838
    2.5000    0.9000   -0.0178
    2.5000    1.0000    0.0403
    2.5000    1.1000    0.0901
    2.5000    1.2000    0.1309
    2.5000    1.3000    0.1624
    2.5000    1.4000    0.1843
    2.5000    1.5000    0.1964
    2.5000    1.6000    0.1984
    2.5000    1.7000    0.1905
    2.5000    1.8000    0.1727
    2.5000    1.9000    0.1452
    2.5000    2.0000    0.1082
    2.5000    2.1000    0.0621
    2.5000    2.2000    0.0074
    2.5000    2.3000   -0.0554
    2.5000    2.4000   -0.1257
    2.5000    2.5000   -0.2027
    2.5000    2.6000   -0.2856
    2.5000    2.7000   -0.3738
    2.5000    2.8000   -0.4662
    2.5000    2.9000   -0.5619
    2.5000    3.0000   -0.6600
    2.5000    3.1000   -0.7596
    2.5000    3.2000   -0.8595
    2.5000    3.3000   -0.9589
    2.5000    3.4000   -1.0567
    2.5000    3.5000   -1.1519
    2.5000    3.6000   -1.2437
    2.5000    3.7000   -1.3310
    2.5000    3.8000   -1.4130
    2.5000    3.9000   -1.4889
    2.5000    4.0000   -1.5579
    2.5000    4.1000   -1.6194
    2.5000    4.2000   -1.6727
    2.5000    4.3000   -1.7173
    2.5000    4.4000   -1.7527
    2.5000    4.5000   -1.7787
    2.5000    4.6000   -1.7948
    2.5000    4.7000   -1.8011
    2.5000    4.8000   -1.7973
    2.5000    4.9000   -1.7836
    2.5000    5.0000   -1.7601
    2.6000         0   -0.8569
    2.6000    0.1000   -0.7571
    2.6000    0.2000   -0.6582
    2.6000    0.3000   -0.5614
    2.6000    0.4000   -0.4675
    2.6000    0.5000   -0.3775
    2.6000    0.6000   -0.2922
    2.6000    0.7000   -0.2127
    2.6000    0.8000   -0.1395
    2.6000    0.9000   -0.0736
    2.6000    1.0000   -0.0154
    2.6000    1.1000    0.0343
    2.6000    1.2000    0.0752
    2.6000    1.3000    0.1067
    2.6000    1.4000    0.1286
    2.6000    1.5000    0.1406
    2.6000    1.6000    0.1427
    2.6000    1.7000    0.1348
    2.6000    1.8000    0.1170
    2.6000    1.9000    0.0894
    2.6000    2.0000    0.0524
    2.6000    2.1000    0.0063
    2.6000    2.2000   -0.0484
    2.6000    2.3000   -0.1112
    2.6000    2.4000   -0.1814
    2.6000    2.5000   -0.2584
    2.6000    2.6000   -0.3414
    2.6000    2.7000   -0.4295
    2.6000    2.8000   -0.5219
    2.6000    2.9000   -0.6176
    2.6000    3.0000   -0.7158
    2.6000    3.1000   -0.8153
    2.6000    3.2000   -0.9153
    2.6000    3.3000   -1.0146
    2.6000    3.4000   -1.1124
    2.6000    3.5000   -1.2077
    2.6000    3.6000   -1.2994
    2.6000    3.7000   -1.3867
    2.6000    3.8000   -1.4687
    2.6000    3.9000   -1.5447
    2.6000    4.0000   -1.6137
    2.6000    4.1000   -1.6752
    2.6000    4.2000   -1.7285
    2.6000    4.3000   -1.7731
    2.6000    4.4000   -1.8085
    2.6000    4.5000   -1.8344
    2.6000    4.6000   -1.8506
    2.6000    4.7000   -1.8568
    2.6000    4.8000   -1.8531
    2.6000    4.9000   -1.8393
    2.6000    5.0000   -1.8158
    2.7000         0   -0.9041
    2.7000    0.1000   -0.8042
    2.7000    0.2000   -0.7054
    2.7000    0.3000   -0.6086
    2.7000    0.4000   -0.5147
    2.7000    0.5000   -0.4246
    2.7000    0.6000   -0.3394
    2.7000    0.7000   -0.2599
    2.7000    0.8000   -0.1867
    2.7000    0.9000   -0.1207
    2.7000    1.0000   -0.0626
    2.7000    1.1000   -0.0129
    2.7000    1.2000    0.0280
    2.7000    1.3000    0.0595
    2.7000    1.4000    0.0814
    2.7000    1.5000    0.0934
    2.7000    1.6000    0.0955
    2.7000    1.7000    0.0876
    2.7000    1.8000    0.0698
    2.7000    1.9000    0.0422
    2.7000    2.0000    0.0052
    2.7000    2.1000   -0.0409
    2.7000    2.2000   -0.0956
    2.7000    2.3000   -0.1584
    2.7000    2.4000   -0.2286
    2.7000    2.5000   -0.3056
    2.7000    2.6000   -0.3886
    2.7000    2.7000   -0.4767
    2.7000    2.8000   -0.5691
    2.7000    2.9000   -0.6648
    2.7000    3.0000   -0.7630
    2.7000    3.1000   -0.8625
    2.7000    3.2000   -0.9624
    2.7000    3.3000   -1.0618
    2.7000    3.4000   -1.1596
    2.7000    3.5000   -1.2549
    2.7000    3.6000   -1.3466
    2.7000    3.7000   -1.4339
    2.7000    3.8000   -1.5159
    2.7000    3.9000   -1.5918
    2.7000    4.0000   -1.6609
    2.7000    4.1000   -1.7223
    2.7000    4.2000   -1.7756
    2.7000    4.3000   -1.8202
    2.7000    4.4000   -1.8557
    2.7000    4.5000   -1.8816
    2.7000    4.6000   -1.8978
    2.7000    4.7000   -1.9040
    2.7000    4.8000   -1.9002
    2.7000    4.9000   -1.8865
    2.7000    5.0000   -1.8630
    2.8000         0   -0.9422
    2.8000    0.1000   -0.8424
    2.8000    0.2000   -0.7436
    2.8000    0.3000   -0.6467
    2.8000    0.4000   -0.5528
    2.8000    0.5000   -0.4628
    2.8000    0.6000   -0.3776
    2.8000    0.7000   -0.2980
    2.8000    0.8000   -0.2249
    2.8000    0.9000   -0.1589
    2.8000    1.0000   -0.1008
    2.8000    1.1000   -0.0510
    2.8000    1.2000   -0.0102
    2.8000    1.3000    0.0213
    2.8000    1.4000    0.0432
    2.8000    1.5000    0.0553
    2.8000    1.6000    0.0574
    2.8000    1.7000    0.0494
    2.8000    1.8000    0.0316
    2.8000    1.9000    0.0041
    2.8000    2.0000   -0.0329
    2.8000    2.1000   -0.0790
    2.8000    2.2000   -0.1337
    2.8000    2.3000   -0.1965
    2.8000    2.4000   -0.2668
    2.8000    2.5000   -0.3438
    2.8000    2.6000   -0.4267
    2.8000    2.7000   -0.5148
    2.8000    2.8000   -0.6072
    2.8000    2.9000   -0.7030
    2.8000    3.0000   -0.8011
    2.8000    3.1000   -0.9006
    2.8000    3.2000   -1.0006
    2.8000    3.3000   -1.1000
    2.8000    3.4000   -1.1978
    2.8000    3.5000   -1.2930
    2.8000    3.6000   -1.3847
    2.8000    3.7000   -1.4721
    2.8000    3.8000   -1.5541
    2.8000    3.9000   -1.6300
    2.8000    4.0000   -1.6990
    2.8000    4.1000   -1.7605
    2.8000    4.2000   -1.8138
    2.8000    4.3000   -1.8584
    2.8000    4.4000   -1.8938
    2.8000    4.5000   -1.9198
    2.8000    4.6000   -1.9359
    2.8000    4.7000   -1.9421
    2.8000    4.8000   -1.9384
    2.8000    4.9000   -1.9247
    2.8000    5.0000   -1.9011
    2.9000         0   -0.9710
    2.9000    0.1000   -0.8711
    2.9000    0.2000   -0.7723
    2.9000    0.3000   -0.6754
    2.9000    0.4000   -0.5815
    2.9000    0.5000   -0.4915
    2.9000    0.6000   -0.4063
    2.9000    0.7000   -0.3267
    2.9000    0.8000   -0.2536
    2.9000    0.9000   -0.1876
    2.9000    1.0000   -0.1295
    2.9000    1.1000   -0.0798
    2.9000    1.2000   -0.0389
    2.9000    1.3000   -0.0074
    2.9000    1.4000    0.0145
    2.9000    1.5000    0.0265
    2.9000    1.6000    0.0286
    2.9000    1.7000    0.0207
    2.9000    1.8000    0.0029
    2.9000    1.9000   -0.0247
    2.9000    2.0000   -0.0617
    2.9000    2.1000   -0.1077
    2.9000    2.2000   -0.1625
    2.9000    2.3000   -0.2253
    2.9000    2.4000   -0.2955
    2.9000    2.5000   -0.3725
    2.9000    2.6000   -0.4555
    2.9000    2.7000   -0.5436
    2.9000    2.8000   -0.6360
    2.9000    2.9000   -0.7317
    2.9000    3.0000   -0.8298
    2.9000    3.1000   -0.9294
    2.9000    3.2000   -1.0293
    2.9000    3.3000   -1.1287
    2.9000    3.4000   -1.2265
    2.9000    3.5000   -1.3217
    2.9000    3.6000   -1.4135
    2.9000    3.7000   -1.5008
    2.9000    3.8000   -1.5828
    2.9000    3.9000   -1.6587
    2.9000    4.0000   -1.7278
    2.9000    4.1000   -1.7892
    2.9000    4.2000   -1.8425
    2.9000    4.3000   -1.8871
    2.9000    4.4000   -1.9226
    2.9000    4.5000   -1.9485
    2.9000    4.6000   -1.9646
    2.9000    4.7000   -1.9709
    2.9000    4.8000   -1.9671
    2.9000    4.9000   -1.9534
    2.9000    5.0000   -1.9299
    3.0000         0   -0.9900
    3.0000    0.1000   -0.8902
    3.0000    0.2000   -0.7913
    3.0000    0.3000   -0.6945
    3.0000    0.4000   -0.6006
    3.0000    0.5000   -0.5106
    3.0000    0.6000   -0.4254
    3.0000    0.7000   -0.3458
    3.0000    0.8000   -0.2726
    3.0000    0.9000   -0.2067
    3.0000    1.0000   -0.1485
    3.0000    1.1000   -0.0988
    3.0000    1.2000   -0.0580
    3.0000    1.3000   -0.0264
    3.0000    1.4000   -0.0045
    3.0000    1.5000    0.0075
    3.0000    1.6000    0.0096
    3.0000    1.7000    0.0017
    3.0000    1.8000   -0.0161
    3.0000    1.9000   -0.0437
    3.0000    2.0000   -0.0807
    3.0000    2.1000   -0.1268
    3.0000    2.2000   -0.1815
    3.0000    2.3000   -0.2443
    3.0000    2.4000   -0.3145
    3.0000    2.5000   -0.3915
    3.0000    2.6000   -0.4745
    3.0000    2.7000   -0.5626
    3.0000    2.8000   -0.6550
    3.0000    2.9000   -0.7507
    3.0000    3.0000   -0.8489
    3.0000    3.1000   -0.9484
    3.0000    3.2000   -1.0484
    3.0000    3.3000   -1.1477
    3.0000    3.4000   -1.2455
    3.0000    3.5000   -1.3408
    3.0000    3.6000   -1.4325
    3.0000    3.7000   -1.5198
    3.0000    3.8000   -1.6019
    3.0000    3.9000   -1.6778
    3.0000    4.0000   -1.7468
    3.0000    4.1000   -1.8083
    3.0000    4.2000   -1.8616
    3.0000    4.3000   -1.9062
    3.0000    4.4000   -1.9416
    3.0000    4.5000   -1.9675
    3.0000    4.6000   -1.9837
    3.0000    4.7000   -1.9899
    3.0000    4.8000   -1.9862
    3.0000    4.9000   -1.9724
    3.0000    5.0000   -1.9489
    3.1000         0   -0.9991
    3.1000    0.1000   -0.8993
    3.1000    0.2000   -0.8005
    3.1000    0.3000   -0.7036
    3.1000    0.4000   -0.6097
    3.1000    0.5000   -0.5197
    3.1000    0.6000   -0.4345
    3.1000    0.7000   -0.3549
    3.1000    0.8000   -0.2818
    3.1000    0.9000   -0.2158
    3.1000    1.0000   -0.1577
    3.1000    1.1000   -0.1079
    3.1000    1.2000   -0.0671
    3.1000    1.3000   -0.0356
    3.1000    1.4000   -0.0137
    3.1000    1.5000   -0.0016
    3.1000    1.6000    0.0004
    3.1000    1.7000   -0.0075
    3.1000    1.8000   -0.0253
    3.1000    1.9000   -0.0528
    3.1000    2.0000   -0.0898
    3.1000    2.1000   -0.1359
    3.1000    2.2000   -0.1906
    3.1000    2.3000   -0.2534
    3.1000    2.4000   -0.3237
    3.1000    2.5000   -0.4007
    3.1000    2.6000   -0.4836
    3.1000    2.7000   -0.5718
    3.1000    2.8000   -0.6641
    3.1000    2.9000   -0.7599
    3.1000    3.0000   -0.8580
    3.1000    3.1000   -0.9576
    3.1000    3.2000   -1.0575
    3.1000    3.3000   -1.1569
    3.1000    3.4000   -1.2547
    3.1000    3.5000   -1.3499
    3.1000    3.6000   -1.4417
    3.1000    3.7000   -1.5290
    3.1000    3.8000   -1.6110
    3.1000    3.9000   -1.6869
    3.1000    4.0000   -1.7559
    3.1000    4.1000   -1.8174
    3.1000    4.2000   -1.8707
    3.1000    4.3000   -1.9153
    3.1000    4.4000   -1.9507
    3.1000    4.5000   -1.9767
    3.1000    4.6000   -1.9928
    3.1000    4.7000   -1.9991
    3.1000    4.8000   -1.9953
    3.1000    4.9000   -1.9816
    3.1000    5.0000   -1.9581
    3.2000         0   -0.9983
    3.2000    0.1000   -0.8985
    3.2000    0.2000   -0.7996
    3.2000    0.3000   -0.7028
    3.2000    0.4000   -0.6089
    3.2000    0.5000   -0.5189
    3.2000    0.6000   -0.4337
    3.2000    0.7000   -0.3541
    3.2000    0.8000   -0.2809
    3.2000    0.9000   -0.2150
    3.2000    1.0000   -0.1568
    3.2000    1.1000   -0.1071
    3.2000    1.2000   -0.0663
    3.2000    1.3000   -0.0347
    3.2000    1.4000   -0.0128
    3.2000    1.5000   -0.0008
    3.2000    1.6000    0.0013
    3.2000    1.7000   -0.0066
    3.2000    1.8000   -0.0244
    3.2000    1.9000   -0.0520
    3.2000    2.0000   -0.0890
    3.2000    2.1000   -0.1351
    3.2000    2.2000   -0.1898
    3.2000    2.3000   -0.2526
    3.2000    2.4000   -0.3228
    3.2000    2.5000   -0.3998
    3.2000    2.6000   -0.4828
    3.2000    2.7000   -0.5709
    3.2000    2.8000   -0.6633
    3.2000    2.9000   -0.7590
    3.2000    3.0000   -0.8572
    3.2000    3.1000   -0.9567
    3.2000    3.2000   -1.0567
    3.2000    3.3000   -1.1560
    3.2000    3.4000   -1.2538
    3.2000    3.5000   -1.3491
    3.2000    3.6000   -1.4408
    3.2000    3.7000   -1.5281
    3.2000    3.8000   -1.6102
    3.2000    3.9000   -1.6861
    3.2000    4.0000   -1.7551
    3.2000    4.1000   -1.8166
    3.2000    4.2000   -1.8699
    3.2000    4.3000   -1.9145
    3.2000    4.4000   -1.9499
    3.2000    4.5000   -1.9758
    3.2000    4.6000   -1.9920
    3.2000    4.7000   -1.9982
    3.2000    4.8000   -1.9945
    3.2000    4.9000   -1.9807
    3.2000    5.0000   -1.9572
    3.3000         0   -0.9875
    3.3000    0.1000   -0.8876
    3.3000    0.2000   -0.7888
    3.3000    0.3000   -0.6920
    3.3000    0.4000   -0.5981
    3.3000    0.5000   -0.5081
    3.3000    0.6000   -0.4228
    3.3000    0.7000   -0.3433
    3.3000    0.8000   -0.2701
    3.3000    0.9000   -0.2042
    3.3000    1.0000   -0.1460
    3.3000    1.1000   -0.0963
    3.3000    1.2000   -0.0554
    3.3000    1.3000   -0.0239
    3.3000    1.4000   -0.0020
    3.3000    1.5000    0.0100
    3.3000    1.6000    0.0121
    3.3000    1.7000    0.0042
    3.3000    1.8000   -0.0136
    3.3000    1.9000   -0.0412
    3.3000    2.0000   -0.0782
    3.3000    2.1000   -0.1243
    3.3000    2.2000   -0.1790
    3.3000    2.3000   -0.2418
    3.3000    2.4000   -0.3120
    3.3000    2.5000   -0.3890
    3.3000    2.6000   -0.4720
    3.3000    2.7000   -0.5601
    3.3000    2.8000   -0.6525
    3.3000    2.9000   -0.7482
    3.3000    3.0000   -0.8464
    3.3000    3.1000   -0.9459
    3.3000    3.2000   -1.0459
    3.3000    3.3000   -1.1452
    3.3000    3.4000   -1.2430
    3.3000    3.5000   -1.3383
    3.3000    3.6000   -1.4300
    3.3000    3.7000   -1.5173
    3.3000    3.8000   -1.5993
    3.3000    3.9000   -1.6752
    3.3000    4.0000   -1.7443
    3.3000    4.1000   -1.8058
    3.3000    4.2000   -1.8591
    3.3000    4.3000   -1.9036
    3.3000    4.4000   -1.9391
    3.3000    4.5000   -1.9650
    3.3000    4.6000   -1.9812
    3.3000    4.7000   -1.9874
    3.3000    4.8000   -1.9836
    3.3000    4.9000   -1.9699
    3.3000    5.0000   -1.9464
    3.4000         0   -0.9668
    3.4000    0.1000   -0.8670
    3.4000    0.2000   -0.7681
    3.4000    0.3000   -0.6713
    3.4000    0.4000   -0.5774
    3.4000    0.5000   -0.4874
    3.4000    0.6000   -0.4022
    3.4000    0.7000   -0.3226
    3.4000    0.8000   -0.2494
    3.4000    0.9000   -0.1835
    3.4000    1.0000   -0.1253
    3.4000    1.1000   -0.0756
    3.4000    1.2000   -0.0348
    3.4000    1.3000   -0.0032
    3.4000    1.4000    0.0187
    3.4000    1.5000    0.0307
    3.4000    1.6000    0.0328
    3.4000    1.7000    0.0249
    3.4000    1.8000    0.0070
    3.4000    1.9000   -0.0205
    3.4000    2.0000   -0.0575
    3.4000    2.1000   -0.1036
    3.4000    2.2000   -0.1583
    3.4000    2.3000   -0.2211
    3.4000    2.4000   -0.2913
    3.4000    2.5000   -0.3683
    3.4000    2.6000   -0.4513
    3.4000    2.7000   -0.5394
    3.4000    2.8000   -0.6318
    3.4000    2.9000   -0.7275
    3.4000    3.0000   -0.8257
    3.4000    3.1000   -0.9252
    3.4000    3.2000   -1.0252
    3.4000    3.3000   -1.1245
    3.4000    3.4000   -1.2223
    3.4000    3.5000   -1.3176
    3.4000    3.6000   -1.4093
    3.4000    3.7000   -1.4966
    3.4000    3.8000   -1.5787
    3.4000    3.9000   -1.6546
    3.4000    4.0000   -1.7236
    3.4000    4.1000   -1.7851
    3.4000    4.2000   -1.8384
    3.4000    4.3000   -1.8830
    3.4000    4.4000   -1.9184
    3.4000    4.5000   -1.9443
    3.4000    4.6000   -1.9605
    3.4000    4.7000   -1.9667
    3.4000    4.8000   -1.9630
    3.4000    4.9000   -1.9493
    3.4000    5.0000   -1.9257
    3.5000         0   -0.9365
    3.5000    0.1000   -0.8366
    3.5000    0.2000   -0.7378
    3.5000    0.3000   -0.6409
    3.5000    0.4000   -0.5470
    3.5000    0.5000   -0.4570
    3.5000    0.6000   -0.3718
    3.5000    0.7000   -0.2922
    3.5000    0.8000   -0.2191
    3.5000    0.9000   -0.1531
    3.5000    1.0000   -0.0950
    3.5000    1.1000   -0.0452
    3.5000    1.2000   -0.0044
    3.5000    1.3000    0.0271
    3.5000    1.4000    0.0490
    3.5000    1.5000    0.0610
    3.5000    1.6000    0.0631
    3.5000    1.7000    0.0552
    3.5000    1.8000    0.0374
    3.5000    1.9000    0.0098
    3.5000    2.0000   -0.0272
    3.5000    2.1000   -0.0732
    3.5000    2.2000   -0.1280
    3.5000    2.3000   -0.1908
    3.5000    2.4000   -0.2610
    3.5000    2.5000   -0.3380
    3.5000    2.6000   -0.4210
    3.5000    2.7000   -0.5091
    3.5000    2.8000   -0.6015
    3.5000    2.9000   -0.6972
    3.5000    3.0000   -0.7953
    3.5000    3.1000   -0.8949
    3.5000    3.2000   -0.9948
    3.5000    3.3000   -1.0942
    3.5000    3.4000   -1.1920
    3.5000    3.5000   -1.2872
    3.5000    3.6000   -1.3790
    3.5000    3.7000   -1.4663
    3.5000    3.8000   -1.5483
    3.5000    3.9000   -1.6242
    3.5000    4.0000   -1.6933
    3.5000    4.1000   -1.7547
    3.5000    4.2000   -1.8080
    3.5000    4.3000   -1.8526
    3.5000    4.4000   -1.8881
    3.5000    4.5000   -1.9140
    3.5000    4.6000   -1.9301
    3.5000    4.7000   -1.9364
    3.5000    4.8000   -1.9326
    3.5000    4.9000   -1.9189
    3.5000    5.0000   -1.8954
    3.6000         0   -0.8968
    3.6000    0.1000   -0.7969
    3.6000    0.2000   -0.6981
    3.6000    0.3000   -0.6012
    3.6000    0.4000   -0.5073
    3.6000    0.5000   -0.4173
    3.6000    0.6000   -0.3321
    3.6000    0.7000   -0.2525
    3.6000    0.8000   -0.1794
    3.6000    0.9000   -0.1134
    3.6000    1.0000   -0.0553
    3.6000    1.1000   -0.0056
    3.6000    1.2000    0.0353
    3.6000    1.3000    0.0668
    3.6000    1.4000    0.0887
    3.6000    1.5000    0.1007
    3.6000    1.6000    0.1028
    3.6000    1.7000    0.0949
    3.6000    1.8000    0.0771
    3.6000    1.9000    0.0495
    3.6000    2.0000    0.0125
    3.6000    2.1000   -0.0335
    3.6000    2.2000   -0.0883
    3.6000    2.3000   -0.1511
    3.6000    2.4000   -0.2213
    3.6000    2.5000   -0.2983
    3.6000    2.6000   -0.3813
    3.6000    2.7000   -0.4694
    3.6000    2.8000   -0.5618
    3.6000    2.9000   -0.6575
    3.6000    3.0000   -0.7556
    3.6000    3.1000   -0.8552
    3.6000    3.2000   -0.9551
    3.6000    3.3000   -1.0545
    3.6000    3.4000   -1.1523
    3.6000    3.5000   -1.2475
    3.6000    3.6000   -1.3393
    3.6000    3.7000   -1.4266
    3.6000    3.8000   -1.5086
    3.6000    3.9000   -1.5845
    3.6000    4.0000   -1.6536
    3.6000    4.1000   -1.7150
    3.6000    4.2000   -1.7683
    3.6000    4.3000   -1.8129
    3.6000    4.4000   -1.8484
    3.6000    4.5000   -1.8743
    3.6000    4.6000   -1.8904
    3.6000    4.7000   -1.8967
    3.6000    4.8000   -1.8929
    3.6000    4.9000   -1.8792
    3.6000    5.0000   -1.8557
    3.7000         0   -0.8481
    3.7000    0.1000   -0.7483
    3.7000    0.2000   -0.6494
    3.7000    0.3000   -0.5526
    3.7000    0.4000   -0.4587
    3.7000    0.5000   -0.3687
    3.7000    0.6000   -0.2835
    3.7000    0.7000   -0.2039
    3.7000    0.8000   -0.1307
    3.7000    0.9000   -0.0648
    3.7000    1.0000   -0.0066
    3.7000    1.1000    0.0431
    3.7000    1.2000    0.0839
    3.7000    1.3000    0.1155
    3.7000    1.4000    0.1373
    3.7000    1.5000    0.1494
    3.7000    1.6000    0.1515
    3.7000    1.7000    0.1436
    3.7000    1.8000    0.1257
    3.7000    1.9000    0.0982
    3.7000    2.0000    0.0612
    3.7000    2.1000    0.0151
    3.7000    2.2000   -0.0396
    3.7000    2.3000   -0.1024
    3.7000    2.4000   -0.1726
    3.7000    2.5000   -0.2496
    3.7000    2.6000   -0.3326
    3.7000    2.7000   -0.4207
    3.7000    2.8000   -0.5131
    3.7000    2.9000   -0.6089
    3.7000    3.0000   -0.7070
    3.7000    3.1000   -0.8065
    3.7000    3.2000   -0.9065
    3.7000    3.3000   -1.0058
    3.7000    3.4000   -1.1036
    3.7000    3.5000   -1.1989
    3.7000    3.6000   -1.2906
    3.7000    3.7000   -1.3779
    3.7000    3.8000   -1.4600
    3.7000    3.9000   -1.5359
    3.7000    4.0000   -1.6049
    3.7000    4.1000   -1.6664
    3.7000    4.2000   -1.7197
    3.7000    4.3000   -1.7643
    3.7000    4.4000   -1.7997
    3.7000    4.5000   -1.8256
    3.7000    4.6000   -1.8418
    3.7000    4.7000   -1.8480
    3.7000    4.8000   -1.8443
    3.7000    4.9000   -1.8306
    3.7000    5.0000   -1.8070
    3.8000         0   -0.7910
    3.8000    0.1000   -0.6911
    3.8000    0.2000   -0.5923
    3.8000    0.3000   -0.4954
    3.8000    0.4000   -0.4015
    3.8000    0.5000   -0.3115
    3.8000    0.6000   -0.2263
    3.8000    0.7000   -0.1468
    3.8000    0.8000   -0.0736
    3.8000    0.9000   -0.0076
    3.8000    1.0000    0.0505
    3.8000    1.1000    0.1002
    3.8000    1.2000    0.1411
    3.8000    1.3000    0.1726
    3.8000    1.4000    0.1945
    3.8000    1.5000    0.2065
    3.8000    1.6000    0.2086
    3.8000    1.7000    0.2007
    3.8000    1.8000    0.1829
    3.8000    1.9000    0.1553
    3.8000    2.0000    0.1183
    3.8000    2.1000    0.0722
    3.8000    2.2000    0.0175
    3.8000    2.3000   -0.0453
    3.8000    2.4000   -0.1155
    3.8000    2.5000   -0.1925
    3.8000    2.6000   -0.2755
    3.8000    2.7000   -0.3636
    3.8000    2.8000   -0.4560
    3.8000    2.9000   -0.5517
    3.8000    3.0000   -0.6498
    3.8000    3.1000   -0.7494
    3.8000    3.2000   -0.8493
    3.8000    3.3000   -0.9487
    3.8000    3.4000   -1.0465
    3.8000    3.5000   -1.1418
    3.8000    3.6000   -1.2335
    3.8000    3.7000   -1.3208
    3.8000    3.8000   -1.4028
    3.8000    3.9000   -1.4787
    3.8000    4.0000   -1.5478
    3.8000    4.1000   -1.6092
    3.8000    4.2000   -1.6625
    3.8000    4.3000   -1.7071
    3.8000    4.4000   -1.7426
    3.8000    4.5000   -1.7685
    3.8000    4.6000   -1.7847
    3.8000    4.7000   -1.7909
    3.8000    4.8000   -1.7871
    3.8000    4.9000   -1.7734
    3.8000    5.0000   -1.7499
    3.9000         0   -0.7259
    3.9000    0.1000   -0.6261
    3.9000    0.2000   -0.5273
    3.9000    0.3000   -0.4304
    3.9000    0.4000   -0.3365
    3.9000    0.5000   -0.2465
    3.9000    0.6000   -0.1613
    3.9000    0.7000   -0.0817
    3.9000    0.8000   -0.0086
    3.9000    0.9000    0.0574
    3.9000    1.0000    0.1155
    3.9000    1.1000    0.1653
    3.9000    1.2000    0.2061
    3.9000    1.3000    0.2376
    3.9000    1.4000    0.2595
    3.9000    1.5000    0.2716
    3.9000    1.6000    0.2736
    3.9000    1.7000    0.2657
    3.9000    1.8000    0.2479
    3.9000    1.9000    0.2204
    3.9000    2.0000    0.1834
    3.9000    2.1000    0.1373
    3.9000    2.2000    0.0826
    3.9000    2.3000    0.0198
    3.9000    2.4000   -0.0505
    3.9000    2.5000   -0.1275
    3.9000    2.6000   -0.2104
    3.9000    2.7000   -0.2986
    3.9000    2.8000   -0.3909
    3.9000    2.9000   -0.4867
    3.9000    3.0000   -0.5848
    3.9000    3.1000   -0.6844
    3.9000    3.2000   -0.7843
    3.9000    3.3000   -0.8837
    3.9000    3.4000   -0.9815
    3.9000    3.5000   -1.0767
    3.9000    3.6000   -1.1685
    3.9000    3.7000   -1.2558
    3.9000    3.8000   -1.3378
    3.9000    3.9000   -1.4137
    3.9000    4.0000   -1.4827
    3.9000    4.1000   -1.5442
    3.9000    4.2000   -1.5975
    3.9000    4.3000   -1.6421
    3.9000    4.4000   -1.6775
    3.9000    4.5000   -1.7035
    3.9000    4.6000   -1.7196
    3.9000    4.7000   -1.7259
    3.9000    4.8000   -1.7221
    3.9000    4.9000   -1.7084
    3.9000    5.0000   -1.6849
    4.0000         0   -0.6536
    4.0000    0.1000   -0.5538
    4.0000    0.2000   -0.4550
    4.0000    0.3000   -0.3581
    4.0000    0.4000   -0.2642
    4.0000    0.5000   -0.1742
    4.0000    0.6000   -0.0890
    4.0000    0.7000   -0.0094
    4.0000    0.8000    0.0637
    4.0000    0.9000    0.1297
    4.0000    1.0000    0.1878
    4.0000    1.1000    0.2376
    4.0000    1.2000    0.2784
    4.0000    1.3000    0.3099
    4.0000    1.4000    0.3318
    4.0000    1.5000    0.3439
    4.0000    1.6000    0.3459
    4.0000    1.7000    0.3380
    4.0000    1.8000    0.3202
    4.0000    1.9000    0.2927
    4.0000    2.0000    0.2557
    4.0000    2.1000    0.2096
    4.0000    2.2000    0.1549
    4.0000    2.3000    0.0921
    4.0000    2.4000    0.0218
    4.0000    2.5000   -0.0552
    4.0000    2.6000   -0.1381
    4.0000    2.7000   -0.2263
    4.0000    2.8000   -0.3187
    4.0000    2.9000   -0.4144
    4.0000    3.0000   -0.5125
    4.0000    3.1000   -0.6121
    4.0000    3.2000   -0.7120
    4.0000    3.3000   -0.8114
    4.0000    3.4000   -0.9092
    4.0000    3.5000   -1.0044
    4.0000    3.6000   -1.0962
    4.0000    3.7000   -1.1835
    4.0000    3.8000   -1.2655
    4.0000    3.9000   -1.3414
    4.0000    4.0000   -1.4104
    4.0000    4.1000   -1.4719
    4.0000    4.2000   -1.5252
    4.0000    4.3000   -1.5698
    4.0000    4.4000   -1.6052
    4.0000    4.5000   -1.6312
    4.0000    4.6000   -1.6473
    4.0000    4.7000   -1.6536
    4.0000    4.8000   -1.6498
    4.0000    4.9000   -1.6361
    4.0000    5.0000   -1.6126
    4.1000         0   -0.5748
    4.1000    0.1000   -0.4750
    4.1000    0.2000   -0.3762
    4.1000    0.3000   -0.2793
    4.1000    0.4000   -0.1854
    4.1000    0.5000   -0.0954
    4.1000    0.6000   -0.0102
    4.1000    0.7000    0.0694
    4.1000    0.8000    0.1425
    4.1000    0.9000    0.2085
    4.1000    1.0000    0.2666
    4.1000    1.1000    0.3164
    4.1000    1.2000    0.3572
    4.1000    1.3000    0.3887
    4.1000    1.4000    0.4106
    4.1000    1.5000    0.4227
    4.1000    1.6000    0.4247
    4.1000    1.7000    0.4168
    4.1000    1.8000    0.3990
    4.1000    1.9000    0.3715
    4.1000    2.0000    0.3345
    4.1000    2.1000    0.2884
    4.1000    2.2000    0.2337
    4.1000    2.3000    0.1709
    4.1000    2.4000    0.1006
    4.1000    2.5000    0.0236
    4.1000    2.6000   -0.0593
    4.1000    2.7000   -0.1474
    4.1000    2.8000   -0.2398
    4.1000    2.9000   -0.3356
    4.1000    3.0000   -0.4337
    4.1000    3.1000   -0.5332
    4.1000    3.2000   -0.6332
    4.1000    3.3000   -0.7326
    4.1000    3.4000   -0.8304
    4.1000    3.5000   -0.9256
    4.1000    3.6000   -1.0173
    4.1000    3.7000   -1.1047
    4.1000    3.8000   -1.1867
    4.1000    3.9000   -1.2626
    4.1000    4.0000   -1.3316
    4.1000    4.1000   -1.3931
    4.1000    4.2000   -1.4464
    4.1000    4.3000   -1.4910
    4.1000    4.4000   -1.5264
    4.1000    4.5000   -1.5524
    4.1000    4.6000   -1.5685
    4.1000    4.7000   -1.5747
    4.1000    4.8000   -1.5710
    4.1000    4.9000   -1.5573
    4.1000    5.0000   -1.5337
    4.2000         0   -0.4903
    4.2000    0.1000   -0.3904
    4.2000    0.2000   -0.2916
    4.2000    0.3000   -0.1947
    4.2000    0.4000   -0.1008
    4.2000    0.5000   -0.0108
    4.2000    0.6000    0.0744
    4.2000    0.7000    0.1540
    4.2000    0.8000    0.2271
    4.2000    0.9000    0.2931
    4.2000    1.0000    0.3512
    4.2000    1.1000    0.4009
    4.2000    1.2000    0.4418
    4.2000    1.3000    0.4733
    4.2000    1.4000    0.4952
    4.2000    1.5000    0.5072
    4.2000    1.6000    0.5093
    4.2000    1.7000    0.5014
    4.2000    1.8000    0.4836
    4.2000    1.9000    0.4560
    4.2000    2.0000    0.4190
    4.2000    2.1000    0.3729
    4.2000    2.2000    0.3182
    4.2000    2.3000    0.2554
    4.2000    2.4000    0.1852
    4.2000    2.5000    0.1082
    4.2000    2.6000    0.0252
    4.2000    2.7000   -0.0629
    4.2000    2.8000   -0.1553
    4.2000    2.9000   -0.2510
    4.2000    3.0000   -0.3491
    4.2000    3.1000   -0.4487
    4.2000    3.2000   -0.5486
    4.2000    3.3000   -0.6480
    4.2000    3.4000   -0.7458
    4.2000    3.5000   -0.8410
    4.2000    3.6000   -0.9328
    4.2000    3.7000   -1.0201
    4.2000    3.8000   -1.1021
    4.2000    3.9000   -1.1780
    4.2000    4.0000   -1.2471
    4.2000    4.1000   -1.3085
    4.2000    4.2000   -1.3618
    4.2000    4.3000   -1.4064
    4.2000    4.4000   -1.4419
    4.2000    4.5000   -1.4678
    4.2000    4.6000   -1.4840
    4.2000    4.7000   -1.4902
    4.2000    4.8000   -1.4864
    4.2000    4.9000   -1.4727
    4.2000    5.0000   -1.4492
    4.3000         0   -0.4008
    4.3000    0.1000   -0.3010
    4.3000    0.2000   -0.2021
    4.3000    0.3000   -0.1053
    4.3000    0.4000   -0.0114
    4.3000    0.5000    0.0786
    4.3000    0.6000    0.1638
    4.3000    0.7000    0.2434
    4.3000    0.8000    0.3166
    4.3000    0.9000    0.3825
    4.3000    1.0000    0.4407
    4.3000    1.1000    0.4904
    4.3000    1.2000    0.5312
    4.3000    1.3000    0.5628
    4.3000    1.4000    0.5847
    4.3000    1.5000    0.5967
    4.3000    1.6000    0.5988
    4.3000    1.7000    0.5909
    4.3000    1.8000    0.5730
    4.3000    1.9000    0.5455
    4.3000    2.0000    0.5085
    4.3000    2.1000    0.4624
    4.3000    2.2000    0.4077
    4.3000    2.3000    0.3449
    4.3000    2.4000    0.2747
    4.3000    2.5000    0.1977
    4.3000    2.6000    0.1147
    4.3000    2.7000    0.0266
    4.3000    2.8000   -0.0658
    4.3000    2.9000   -0.1615
    4.3000    3.0000   -0.2597
    4.3000    3.1000   -0.3592
    4.3000    3.2000   -0.4592
    4.3000    3.3000   -0.5585
    4.3000    3.4000   -0.6563
    4.3000    3.5000   -0.7516
    4.3000    3.6000   -0.8433
    4.3000    3.7000   -0.9306
    4.3000    3.8000   -1.0127
    4.3000    3.9000   -1.0886
    4.3000    4.0000   -1.1576
    4.3000    4.1000   -1.2191
    4.3000    4.2000   -1.2724
    4.3000    4.3000   -1.3170
    4.3000    4.4000   -1.3524
    4.3000    4.5000   -1.3783
    4.3000    4.6000   -1.3945
    4.3000    4.7000   -1.4007
    4.3000    4.8000   -1.3970
    4.3000    4.9000   -1.3833
    4.3000    5.0000   -1.3597
    4.4000         0   -0.3073
    4.4000    0.1000   -0.2075
    4.4000    0.2000   -0.1087
    4.4000    0.3000   -0.0118
    4.4000    0.4000    0.0821
    4.4000    0.5000    0.1721
    4.4000    0.6000    0.2573
    4.4000    0.7000    0.3369
    4.4000    0.8000    0.4100
    4.4000    0.9000    0.4760
    4.4000    1.0000    0.5341
    4.4000    1.1000    0.5839
    4.4000    1.2000    0.6247
    4.4000    1.3000    0.6562
    4.4000    1.4000    0.6781
    4.4000    1.5000    0.6902
    4.4000    1.6000    0.6922
    4.4000    1.7000    0.6843
    4.4000    1.8000    0.6665
    4.4000    1.9000    0.6390
    4.4000    2.0000    0.6020
    4.4000    2.1000    0.5559
    4.4000    2.2000    0.5012
    4.4000    2.3000    0.4384
    4.4000    2.4000    0.3681
    4.4000    2.5000    0.2911
    4.4000    2.6000    0.2082
    4.4000    2.7000    0.1200
    4.4000    2.8000    0.0277
    4.4000    2.9000   -0.0681
    4.4000    3.0000   -0.1662
    4.4000    3.1000   -0.2658
    4.4000    3.2000   -0.3657
    4.4000    3.3000   -0.4651
    4.4000    3.4000   -0.5629
    4.4000    3.5000   -0.6581
    4.4000    3.6000   -0.7499
    4.4000    3.7000   -0.8372
    4.4000    3.8000   -0.9192
    4.4000    3.9000   -0.9951
    4.4000    4.0000   -1.0641
    4.4000    4.1000   -1.1256
    4.4000    4.2000   -1.1789
    4.4000    4.3000   -1.2235
    4.4000    4.4000   -1.2589
    4.4000    4.5000   -1.2849
    4.4000    4.6000   -1.3010
    4.4000    4.7000   -1.3073
    4.4000    4.8000   -1.3035
    4.4000    4.9000   -1.2898
    4.4000    5.0000   -1.2663
    4.5000         0   -0.2108
    4.5000    0.1000   -0.1110
    4.5000    0.2000   -0.0121
    4.5000    0.3000    0.0847
    4.5000    0.4000    0.1786
    4.5000    0.5000    0.2686
    4.5000    0.6000    0.3538
    4.5000    0.7000    0.4334
    4.5000    0.8000    0.5066
    4.5000    0.9000    0.5725
    4.5000    1.0000    0.6307
    4.5000    1.1000    0.6804
    4.5000    1.2000    0.7212
    4.5000    1.3000    0.7528
    4.5000    1.4000    0.7747
    4.5000    1.5000    0.7867
    4.5000    1.6000    0.7888
    4.5000    1.7000    0.7809
    4.5000    1.8000    0.7631
    4.5000    1.9000    0.7355
    4.5000    2.0000    0.6985
    4.5000    2.1000    0.6524
    4.5000    2.2000    0.5977
    4.5000    2.3000    0.5349
    4.5000    2.4000    0.4647
    4.5000    2.5000    0.3877
    4.5000    2.6000    0.3047
    4.5000    2.7000    0.2166
    4.5000    2.8000    0.1242
    4.5000    2.9000    0.0285
    4.5000    3.0000   -0.0697
    4.5000    3.1000   -0.1692
    4.5000    3.2000   -0.2692
    4.5000    3.3000   -0.3685
    4.5000    3.4000   -0.4663
    4.5000    3.5000   -0.5616
    4.5000    3.6000   -0.6533
    4.5000    3.7000   -0.7406
    4.5000    3.8000   -0.8227
    4.5000    3.9000   -0.8986
    4.5000    4.0000   -0.9676
    4.5000    4.1000   -1.0291
    4.5000    4.2000   -1.0824
    4.5000    4.3000   -1.1270
    4.5000    4.4000   -1.1624
    4.5000    4.5000   -1.1883
    4.5000    4.6000   -1.2045
    4.5000    4.7000   -1.2107
    4.5000    4.8000   -1.2070
    4.5000    4.9000   -1.1932
    4.5000    5.0000   -1.1697
    4.6000         0   -0.1122
    4.6000    0.1000   -0.0123
    4.6000    0.2000    0.0865
    4.6000    0.3000    0.1834
    4.6000    0.4000    0.2773
    4.6000    0.5000    0.3673
    4.6000    0.6000    0.4525
    4.6000    0.7000    0.5321
    4.6000    0.8000    0.6052
    4.6000    0.9000    0.6712
    4.6000    1.0000    0.7293
    4.6000    1.1000    0.7791
    4.6000    1.2000    0.8199
    4.6000    1.3000    0.8514
    4.6000    1.4000    0.8733
    4.6000    1.5000    0.8853
    4.6000    1.6000    0.8874
    4.6000    1.7000    0.8795
    4.6000    1.8000    0.8617
    4.6000    1.9000    0.8341
    4.6000    2.0000    0.7971
    4.6000    2.1000    0.7511
    4.6000    2.2000    0.6963
    4.6000    2.3000    0.6336
    4.6000    2.4000    0.5633
    4.6000    2.5000    0.4863
    4.6000    2.6000    0.4033
    4.6000    2.7000    0.3152
    4.6000    2.8000    0.2228
    4.6000    2.9000    0.1271
    4.6000    3.0000    0.0290
    4.6000    3.1000   -0.0706
    4.6000    3.2000   -0.1705
    4.6000    3.3000   -0.2699
    4.6000    3.4000   -0.3677
    4.6000    3.5000   -0.4629
    4.6000    3.6000   -0.5547
    4.6000    3.7000   -0.6420
    4.6000    3.8000   -0.7240
    4.6000    3.9000   -0.7999
    4.6000    4.0000   -0.8690
    4.6000    4.1000   -0.9304
    4.6000    4.2000   -0.9837
    4.6000    4.3000   -1.0283
    4.6000    4.4000   -1.0638
    4.6000    4.5000   -1.0897
    4.6000    4.6000   -1.1058
    4.6000    4.7000   -1.1121
    4.6000    4.8000   -1.1083
    4.6000    4.9000   -1.0946
    4.6000    5.0000   -1.0711
    4.7000         0   -0.0124
    4.7000    0.1000    0.0874
    4.7000    0.2000    0.1863
    4.7000    0.3000    0.2831
    4.7000    0.4000    0.3770
    4.7000    0.5000    0.4670
    4.7000    0.6000    0.5523
    4.7000    0.7000    0.6318
    4.7000    0.8000    0.7050
    4.7000    0.9000    0.7709
    4.7000    1.0000    0.8291
    4.7000    1.1000    0.8788
    4.7000    1.2000    0.9197
    4.7000    1.3000    0.9512
    4.7000    1.4000    0.9731
    4.7000    1.5000    0.9851
    4.7000    1.6000    0.9872
    4.7000    1.7000    0.9793
    4.7000    1.8000    0.9615
    4.7000    1.9000    0.9339
    4.7000    2.0000    0.8969
    4.7000    2.1000    0.8508
    4.7000    2.2000    0.7961
    4.7000    2.3000    0.7333
    4.7000    2.4000    0.6631
    4.7000    2.5000    0.5861
    4.7000    2.6000    0.5031
    4.7000    2.7000    0.4150
    4.7000    2.8000    0.3226
    4.7000    2.9000    0.2269
    4.7000    3.0000    0.1287
    4.7000    3.1000    0.0292
    4.7000    3.2000   -0.0708
    4.7000    3.3000   -0.1701
    4.7000    3.4000   -0.2679
    4.7000    3.5000   -0.3632
    4.7000    3.6000   -0.4549
    4.7000    3.7000   -0.5422
    4.7000    3.8000   -0.6242
    4.7000    3.9000   -0.7002
    4.7000    4.0000   -0.7692
    4.7000    4.1000   -0.8307
    4.7000    4.2000   -0.8840
    4.7000    4.3000   -0.9286
    4.7000    4.4000   -0.9640
    4.7000    4.5000   -0.9899
    4.7000    4.6000   -1.0061
    4.7000    4.7000   -1.0123
    4.7000    4.8000   -1.0086
    4.7000    4.9000   -0.9948
    4.7000    5.0000   -0.9713
    4.8000         0    0.0875
    4.8000    0.1000    0.1873
    4.8000    0.2000    0.2862
    4.8000    0.3000    0.3830
    4.8000    0.4000    0.4769
    4.8000    0.5000    0.5669
    4.8000    0.6000    0.6521
    4.8000    0.7000    0.7317
    4.8000    0.8000    0.8049
    4.8000    0.9000    0.8708
    4.8000    1.0000    0.9290
    4.8000    1.1000    0.9787
    4.8000    1.2000    1.0195
    4.8000    1.3000    1.0511
    4.8000    1.4000    1.0729
    4.8000    1.5000    1.0850
    4.8000    1.6000    1.0871
    4.8000    1.7000    1.0792
    4.8000    1.8000    1.0613
    4.8000    1.9000    1.0338
    4.8000    2.0000    0.9968
    4.8000    2.1000    0.9507
    4.8000    2.2000    0.8960
    4.8000    2.3000    0.8332
    4.8000    2.4000    0.7630
    4.8000    2.5000    0.6860
    4.8000    2.6000    0.6030
    4.8000    2.7000    0.5149
    4.8000    2.8000    0.4225
    4.8000    2.9000    0.3267
    4.8000    3.0000    0.2286
    4.8000    3.1000    0.1291
    4.8000    3.2000    0.0291
    4.8000    3.3000   -0.0702
    4.8000    3.4000   -0.1680
    4.8000    3.5000   -0.2633
    4.8000    3.6000   -0.3550
    4.8000    3.7000   -0.4423
    4.8000    3.8000   -0.5244
    4.8000    3.9000   -0.6003
    4.8000    4.0000   -0.6693
    4.8000    4.1000   -0.7308
    4.8000    4.2000   -0.7841
    4.8000    4.3000   -0.8287
    4.8000    4.4000   -0.8641
    4.8000    4.5000   -0.8900
    4.8000    4.6000   -0.9062
    4.8000    4.7000   -0.9124
    4.8000    4.8000   -0.9087
    4.8000    4.9000   -0.8950
    4.8000    5.0000   -0.8714
    4.9000         0    0.1865
    4.9000    0.1000    0.2863
    4.9000    0.2000    0.3852
    4.9000    0.3000    0.4820
    4.9000    0.4000    0.5759
    4.9000    0.5000    0.6659
    4.9000    0.6000    0.7512
    4.9000    0.7000    0.8307
    4.9000    0.8000    0.9039
    4.9000    0.9000    0.9698
    4.9000    1.0000    1.0280
    4.9000    1.1000    1.0777
    4.9000    1.2000    1.1186
    4.9000    1.3000    1.1501
    4.9000    1.4000    1.1720
    4.9000    1.5000    1.1840
    4.9000    1.6000    1.1861
    4.9000    1.7000    1.1782
    4.9000    1.8000    1.1604
    4.9000    1.9000    1.1328
    4.9000    2.0000    1.0958
    4.9000    2.1000    1.0497
    4.9000    2.2000    0.9950
    4.9000    2.3000    0.9322
    4.9000    2.4000    0.8620
    4.9000    2.5000    0.7850
    4.9000    2.6000    0.7020
    4.9000    2.7000    0.6139
    4.9000    2.8000    0.5215
    4.9000    2.9000    0.4258
    4.9000    3.0000    0.3276
    4.9000    3.1000    0.2281
    4.9000    3.2000    0.1281
    4.9000    3.3000    0.0288
    4.9000    3.4000   -0.0690
    4.9000    3.5000   -0.1643
    4.9000    3.6000   -0.2560
    4.9000    3.7000   -0.3433
    4.9000    3.8000   -0.4253
    4.9000    3.9000   -0.5013
    4.9000    4.0000   -0.5703
    4.9000    4.1000   -0.6318
    4.9000    4.2000   -0.6851
    4.9000    4.3000   -0.7297
    4.9000    4.4000   -0.7651
    4.9000    4.5000   -0.7910
    4.9000    4.6000   -0.8072
    4.9000    4.7000   -0.8134
    4.9000    4.8000   -0.8097
    4.9000    4.9000   -0.7959
    4.9000    5.0000   -0.7724
    5.0000         0    0.2837
    5.0000    0.1000    0.3835
    5.0000    0.2000    0.4823
    5.0000    0.3000    0.5792
    5.0000    0.4000    0.6731
    5.0000    0.5000    0.7631
    5.0000    0.6000    0.8483
    5.0000    0.7000    0.9279
    5.0000    0.8000    1.0010
    5.0000    0.9000    1.0670
    5.0000    1.0000    1.1251
    5.0000    1.1000    1.1749
    5.0000    1.2000    1.2157
    5.0000    1.3000    1.2472
    5.0000    1.4000    1.2691
    5.0000    1.5000    1.2812
    5.0000    1.6000    1.2832
    5.0000    1.7000    1.2753
    5.0000    1.8000    1.2575
    5.0000    1.9000    1.2300
    5.0000    2.0000    1.1930
    5.0000    2.1000    1.1469
    5.0000    2.2000    1.0922
    5.0000    2.3000    1.0294
    5.0000    2.4000    0.9591
    5.0000    2.5000    0.8821
    5.0000    2.6000    0.7992
    5.0000    2.7000    0.7110
    5.0000    2.8000    0.6187
    5.0000    2.9000    0.5229
    5.0000    3.0000    0.4248
    5.0000    3.1000    0.3252
    5.0000    3.2000    0.2253
    5.0000    3.3000    0.1259
    5.0000    3.4000    0.0281
    5.0000    3.5000   -0.0671
    5.0000    3.6000   -0.1589
    5.0000    3.7000   -0.2462
    5.0000    3.8000   -0.3282
    5.0000    3.9000   -0.4041
    5.0000    4.0000   -0.4731
    5.0000    4.1000   -0.5346
    5.0000    4.2000   -0.5879
    5.0000    4.3000   -0.6325
    5.0000    4.4000   -0.6679
    5.0000    4.5000   -0.6939
    5.0000    4.6000   -0.7100
    5.0000    4.7000   -0.7163
    5.0000    4.8000   -0.7125
    5.0000    4.9000   -0.6988
    5.0000    5.0000   -0.6753