% # iter+eval+sigma+axisratio+fbestever+fitness+fmedian+fworst+mindii+idxmaxSD+maxSD+idxminSD+minSD (randomSeed=3, Fri Sep 21 16:35:21 2018)
1	128	3.0724e+00	2.00e+00	1.798883974991299e+02	1.798883974991299e+02	2.484716613913679e+02	1.541710539847258e+03	6.3246e-01	4	1.7061e+00	1	5.7925e-01
2	256	3.3625e+00	3.83e+00	1.266846139347033e+02	1.266846139347033e+02	2.483289275727278e+02	3.152462498035804e+04	4.6949e-01	2	7.4674e-01	1	3.0547e-01
3	384	3.1935e+00	2.83e+00	1.206783427317242e+02	1.206783427317242e+02	2.349590549026255e+02	1.047003301748594e+04	2.7010e-01	2	4.7796e-01	1	2.4140e-01
4	512	3.4147e+00	2.62e+00	1.155256693038143e+02	1.155256693038143e+02	2.091500657732127e+02	2.264652560608975e+04	1.8965e-01	2	3.2841e-01	1	1.9995e-01
5	640	3.3352e+00	2.73e+00	1.155256693038143e+02	1.341100120298283e+02	2.036392940672304e+02	5.187798518916674e+04	1.2717e-01	2	2.3382e-01	4	1.2880e-01
6	768	4.0760e+00	3.09e+00	1.082454415453981e+02	1.082454415453981e+02	1.698124349439283e+02	7.937719543107378e+02	9.2749e-02	2	1.7766e-01	4	9.9625e-02
7	896	4.9453e+00	3.57e+00	6.716376269819243e+01	6.716376269819243e+01	1.601524263394218e+02	1.367122637491377e+04	6.9454e-02	3	1.2206e-01	4	8.3630e-02
8	1024	5.5430e+00	3.39e+00	5.162714605470585e+01	5.162714605470585e+01	1.462938389291201e+02	3.348479222817000e+03	5.2704e-02	3	8.4508e-02	1	6.3815e-02
9	1152	6.3011e+00	3.43e+00	3.430968041561773e+01	3.430968041561773e+01	1.184978511470685e+02	9.172195060918301e+02	3.1431e-02	4	6.6879e-02	2	4.3263e-02
10	1280	6.4204e+00	3.89e+00	3.430968041561773e+01	3.967826117922713e+01	1.055254827878759e+02	2.162800467271793e+06	2.0785e-02	4	4.8239e-02	2	3.2382e-02
11	1408	6.2152e+00	5.27e+00	3.430968041561773e+01	3.647599280246827e+01	8.516376453681957e+01	7.314644824041393e+04	1.1889e-02	4	3.3234e-02	2	2.1308e-02
12	1536	6.1981e+00	4.73e+00	3.430968041561773e+01	3.639844662149171e+01	6.402678130408080e+01	2.005031613498920e+03	8.4554e-03	4	2.4363e-02	2	1.6684e-02
13	1664	6.8693e+00	4.38e+00	3.207430817704766e+01	3.207430817704766e+01	5.049955360776661e+01	1.173828994859053e+03	6.4730e-03	4	2.3596e-02	2	1.3495e-02
14	1792	6.3719e+00	6.23e+00	3.115780887733639e+01	3.115780887733639e+01	4.903356204868471e+01	5.007625396658353e+06	4.1045e-03	4	1.2238e-02	2	8.8760e-03
15	1920	6.6851e+00	4.24e+00	2.992283570183850e+01	2.992283570183850e+01	3.657546977240497e+01	1.407277512998209e+02	3.4422e-03	4	1.0621e-02	2	5.2335e-03
16	2048	5.9709e+00	4.89e+00	2.967288336296031e+01	2.967288336296031e+01	3.350484455135190e+01	1.246008422132647e+02	2.3947e-03	4	6.2008e-03	2	4.2315e-03
17	2176	5.7392e+00	5.11e+00	2.964866007822466e+01	2.964866007822466e+01	3.122047527254316e+01	4.371748685879215e+01	1.4999e-03	4	3.7592e-03	2	2.4237e-03
18	2304	5.3632e+00	4.19e+00	2.962871316639967e+01	2.962871316639967e+01	3.029077721334916e+01	3.328853829820938e+01	1.0697e-03	3	2.4195e-03	2	1.7630e-03
19	2432	4.9785e+00	3.90e+00	2.961425466627805e+01	2.961425466627805e+01	2.982237000122449e+01	3.073628808032067e+01	7.4624e-04	3	1.8026e-03	2	1.2194e-03
20	2560	4.8614e+00	4.52e+00	2.960815898814549e+01	2.960815898814549e+01	2.968090723350347e+01	3.012837028408646e+01	4.7184e-04	3	1.2485e-03	2	8.6411e-04
21	2688	4.3964e+00	5.13e+00	2.960735725397359e+01	2.960735725397359e+01	2.963876402570461e+01	2.989643115169493e+01	2.9780e-04	1	7.2506e-04	4	5.2792e-04
22	2816	4.4214e+00	3.96e+00	2.960475309729833e+01	2.960475309729833e+01	2.961505213965977e+01	2.965389485409786e+01	2.1851e-04	3	5.7270e-04	4	3.2041e-04
23	2944	4.1213e+00	4.78e+00	2.960419748547798e+01	2.960419748547798e+01	2.960855877047914e+01	2.963557682217422e+01	1.4429e-04	3	3.6790e-04	4	1.7791e-04
24	3072	3.7901e+00	5.21e+00	2.960398651277877e+01	2.960398651277877e+01	2.960568522916198e+01	2.961215271658100e+01	8.4796e-05	3	2.1146e-04	4	1.0470e-04
25	3200	3.7026e+00	4.85e+00	2.960393692699081e+01	2.960393692699081e+01	2.960433431723065e+01	2.960569425713913e+01	5.1865e-05	3	1.1928e-04	4	5.8546e-05
26	3328	3.3747e+00	4.81e+00	2.960389173099587e+01	2.960389173099587e+01	2.960404573863487e+01	2.960455537220290e+01	3.0560e-05	1	6.7453e-05	4	3.3712e-05
27	3456	2.9919e+00	4.96e+00	2.960388739333593e+01	2.960388739333593e+01	2.960392790330610e+01	2.960406134413993e+01	1.6729e-05	3	4.2378e-05	4	2.0237e-05
28	3584	2.6805e+00	5.02e+00	2.960388428226562e+01	2.960388428226562e+01	2.960389708328309e+01	2.960392543488849e+01	1.0256e-05	3	2.5385e-05	4	1.2441e-05
29	3712	2.6394e+00	4.95e+00	2.960388403671358e+01	2.960388403671358e+01	2.960388792494353e+01	2.960389825500869e+01	6.2835e-06	3	1.4012e-05	4	8.3293e-06
30	3840	2.6657e+00	4.64e+00	2.960388402073021e+01	2.960388402073021e+01	2.960388520350205e+01	2.960388959668185e+01	3.7964e-06	3	8.4525e-06	4	4.4910e-06
31	3968	2.3734e+00	3.79e+00	2.960388402073021e+01	2.960388403942359e+01	2.960388442700202e+01	2.960388575738507e+01	2.6295e-06	3	5.5176e-06	4	2.5403e-06
32	4096	2.3859e+00	3.99e+00	2.960388397534011e+01	2.960388397534011e+01	2.960388410674004e+01	2.960388455614073e+01	1.6470e-06	3	3.8468e-06	4	1.6068e-06
33	4224	2.5221e+00	5.65e+00	2.960388396344535e+01	2.960388396344535e+01	2.960388401265236e+01	2.960388419196822e+01	8.3208e-07	3	2.3990e-06	4	8.9793e-07
34	4352	2.5028e+00	6.75e+00	2.960388396274594e+01	2.960388396274594e+01	2.960388398201096e+01	2.960388404913220e+01	4.8843e-07	1	1.3282e-06	4	5.0303e-07
35	4480	2.6138e+00	5.72e+00	2.960388396242875e+01	2.960388396242875e+01	2.960388396905346e+01	2.960388399862042e+01	2.8488e-07	1	7.3943e-07	4	3.2307e-07
36	4608	2.4701e+00	4.56e+00	2.960388396226832e+01	2.960388396226832e+01	2.960388396483869e+01	2.960388398195061e+01	1.8992e-07	1	4.8053e-07	4	1.7160e-07
37	4736	2.6364e+00	4.54e+00	2.960388396212574e+01	2.960388396212574e+01	2.960388396301120e+01	2.960388396874327e+01	1.2801e-07	3	3.1627e-07	4	9.9364e-08
38	4864	2.3236e+00	5.47e+00	2.960388396212336e+01	2.960388396212336e+01	2.960388396248403e+01	2.960388396503740e+01	7.1301e-08	3	1.6376e-07	4	6.5201e-08
39	4992	2.2176e+00	5.20e+00	2.960388396210431e+01	2.960388396210431e+01	2.960388396220599e+01	2.960388396263387e+01	4.0725e-08	3	8.8990e-08	4	4.2856e-08
40	5120	2.1674e+00	4.66e+00	2.960388396210307e+01	2.960388396210307e+01	2.960388396213375e+01	2.960388396222123e+01	2.5317e-08	3	5.8800e-08	4	2.3509e-08
41	5248	2.0531e+00	5.46e+00	2.960388396210134e+01	2.960388396210134e+01	2.960388396211197e+01	2.960388396214956e+01	1.3995e-08	3	3.7017e-08	4	1.3253e-08
42	5376	1.8501e+00	5.66e+00	2.960388396210109e+01	2.960388396210109e+01	2.960388396210458e+01	2.960388396211513e+01	8.5044e-09	3	2.2327e-08	4	8.5350e-09
43	5504	1.8189e+00	5.56e+00	2.960388396210100e+01	2.960388396210100e+01	2.960388396210193e+01	2.960388396210609e+01	5.3111e-09	3	1.1939e-08	4	4.8258e-09
44	5632	1.6309e+00	5.21e+00	2.960388396210100e+01	2.960388396210100e+01	2.960388396210134e+01	2.960388396210261e+01	2.8963e-09	3	8.2999e-09	4	3.0778e-09
45	5760	1.4239e+00	5.91e+00	2.960388396210096e+01	2.960388396210096e+01	2.960388396210109e+01	2.960388396210149e+01	1.7504e-09	3	4.8180e-09	4	2.0389e-09
46	5888	1.2711e+00	5.09e+00	2.960388396210093e+01	2.960388396210093e+01	2.960388396210101e+01	2.960388396210120e+01	1.2231e-09	3	3.6748e-09	4	1.3393e-09
47	6016	1.2037e+00	6.12e+00	2.960388396210093e+01	2.960388396210094e+01	2.960388396210099e+01	2.960388396210107e+01	7.2081e-10	3	2.9781e-09	4	9.6143e-10
48	6144	1.1579e+00	5.48e+00	2.960388396210092e+01	2.960388396210092e+01	2.960388396210098e+01	2.960388396210104e+01	6.6869e-10	3	2.2953e-09	4	7.7081e-10
49	6272	1.1595e+00	5.04e+00	2.960388396210092e+01	2.960388396210092e+01	2.960388396210098e+01	2.960388396210107e+01	5.9000e-10	3	2.2220e-09	4	8.6592e-10
50	6400	1.2122e+00	5.84e+00	2.960388396210092e+01	2.960388396210094e+01	2.960388396210099e+01	2.960388396210104e+01	5.1208e-10	3	2.3839e-09	4	8.3441e-10
51	6528	1.1327e+00	7.75e+00	2.960388396210092e+01	2.960388396210093e+01	2.960388396210098e+01	2.960388396210104e+01	3.9486e-10	3	2.2769e-09	4	8.0389e-10
